867
490317 691111
887872 411997
656114 768604
1027 17196
982834 242480
429255 61218
513761 775074
983667 410967
412679 463744
239690 278648
559213 257757
898250 192154
795524 339490
492066 774265
713302 493367
877920 234682
500217 919598
161118 441563
816297 891191
71496 511166
84474 881298
655135 762036
447466 815387
732517 966093
957623 987539
35314 299457
719214 45436
33081 572628
325371 543931
642718 933551
466749 536342
978227 149590
780164 971839
545978 864505
554075 557365
187460 52194
731225 418081
715675 936960
172188 352144
892310 926422
953368 387305
593497 86757
68590 674042
712503 4596
502753 255478
29550 51735
831152 874713
29287 976750
164161 157307
749998 554558
766467 171594
905968 260779
908755 130253
613055 643069
608592 243527
892789 836637
413577 379607
218353 606534
687781 571434
324557 774283
174070 554284
568477 696604
537022 649014
398454 559815
287945 11190
657534 716528
951528 55120
993239 693929
1882 287023
94392 615875
665188 298098
987996 182449
320929 697652
88302 445958
455598 240848
244152 97730
192367 662857
281294 490605
636734 584232
415224 160894
59930 139308
224702 175963
414310 211650
17311 914692
390439 642150
868844 383685
727310 494618
464059 395681
884782 121973
653035 680144
490962 38642
976470 660818
397527 370751
421060 295116
398314 435423
867809 333966
259620 38417
147002 20876
798233 993534
156886 554565
482900 649510
485163 980260
680204 303708
916708 775672
768056 362334
425355 943229
443003 519751
779874 41172
125236 398136
823664 632872
589419 356155
935084 981963
857611 533517
953380 131313
323268 493195
67476 412238
180557 817147
865622 633017
666075 860651
551309 747670
119768 521360
543732 109717
664819 408604
982432 241645
198612 74429
83078 600868
311715 914619
990900 345694
11080 266263
363391 252456
418814 40078
673351 57739
712015 988440
441193 613987
248432 144787
66334 696972
604706 939238
297044 367664
588045 47011
109833 773350
247948 390763
242519 69395
444350 646268
463205 591770
831980 20944
665752 917584
952855 102450
748101 367780
70644 578255
887222 939127
947497 534691
6508 504842
656938 846160
297758 915328
499258 978331
725067 815275
260009 203666
524200 849279
885100 146420
391802 194281
800696 622635
695256 6191
599838 54217
978778 36626
740142 155276
152163 915850
834541 35306
589263 577645
254211 149329
512276 200938
406790 277938
598825 860970
213123 822092
683653 577074
981518 658225
760516 332978
757710 458261
732369 40509
822329 136496
587049 283069
204291 688868
125421 48985
216682 51329
476324 494980
809841 786238
509060 47667
419326 741902
377308 521653
662410 308048
314286 596894
287060 184388
712134 89485
659509 139711
660110 990885
451107 281336
357489 531498
799526 595608
831677 560621
991505 681685
992081 697936
849405 822264
435066 732691
75724 337702
827803 748883
724879 6404
31948 707120
172603 538056
504749 477199
57519 285137
543224 506411
760831 934330
242064 648050
787847 159051
67402 29983
729435 643946
288623 259232
806544 751052
61700 319850
317084 295435
992083 841045
227494 670349
82900 105277
392137 684558
290230 389661
609232 959650
949351 597105
740122 992888
641572 15684
991394 295113
113393 601128
251777 650020
450329 146636
615309 309044
795658 539186
293865 693790
605731 498907
823515 414447
931028 278837
90776 301063
645459 268058
902152 409461
371375 152372
997485 131762
201605 362000
117163 505842
45672 473312
908551 498831
485705 26428
974554 600568
672548 249252
871014 663219
875369 161156
935696 942026
217416 384149
601923 986640
434638 862722
348145 512007
641299 611139
547958 132081
694539 185607
156939 48315
721585 726400
795691 719249
195533 777179
941658 456525
547974 444691
264712 813888
400380 150295
94218 367853
680960 463874
139552 789198
149055 165735
778334 56787
925506 354415
94514 858755
641039 498772
707847 203061
164986 720307
123673 957968
796145 913280
547159 854764
916324 401467
727151 293867
356584 414555
119 321894
729623 270175
215781 440085
417040 229102
652130 480270
385321 409222
924421 324185
871977 340397
203028 614050
585108 859281
26146 885082
698684 797680
629094 51446
330593 993871
939584 774453
478922 367502
386660 750411
635063 54321
706408 725974
813856 175699
367340 590239
7925 192285
447974 733730
661578 583971
923567 698044
827445 748934
309250 844599
317360 33378
556417 713817
659860 839599
359972 462148
399938 517860
83339 105734
577735 647832
16997 695378
891283 384457
64974 22364
899317 528833
230516 578895
851638 759330
382649 809689
172043 605911
205382 30447
29080 743693
343179 613899
95144 504302
553740 117822
218225 242660
893610 720863
27823 729090
934728 553934
438088 516325
286665 166236
574333 186494
947633 924796
310149 624169
349711 273935
186155 426383
149032 848896
317965 698438
855761 748391
370833 960047
928877 731760
733430 49736
411906 879415
725254 125263
179724 936779
113164 947499
509097 470157
204176 198229
662695 323206
420495 4526
933614 398107
23972 122625
862563 409989
737331 461867
929482 96293
250945 693067
426175 399741
723411 370483
996467 128390
177379 197689
472548 307459
354985 965548
406960 451789
551107 395230
524076 875560
947978 723981
937888 243987
135844 812474
566237 94923
371512 432655
20305 514579
390305 107889
540137 87644
828348 324300
244200 829425
210830 718187
796555 124152
23177 212563
612112 741303
910053 706013
925042 241107
392747 733087
498013 21326
632722 412001
362483 297223
282048 779001
573079 862400
843523 447637
34640 755713
744153 463800
634863 383203
111253 480371
694374 464040
729198 891846
599182 568078
105655 273975
518551 102657
900475 573573
945484 772369
612053 433029
455705 703508
694130 743696
488439 741682
715576 511492
827452 272171
138745 943649
685979 171530
837763 32736
94892 877236
59550 526808
765813 517129
92484 39802
215137 154683
512287 446293
256447 678370
965087 642746
303312 773471
261890 802977
281205 980126
417782 738005
158534 989729
72679 652247
386711 816951
213162 712742
700113 854116
207030 991832
448643 417385
772365 834838
297647 959784
624627 647902
149112 185066
415374 641494
774730 537394
647283 488803
392147 388686
913636 629485
298879 884405
508483 608158
246245 131872
145214 54015
119999 785735
923368 109884
841691 421182
209604 547258
350047 187284
628773 127107
45203 13644
740922 923405
160200 469289
961226 973241
829163 839863
192417 305462
535847 346473
675776 363034
297856 14948
740004 430676
443445 805359
711646 377905
665958 253374
375985 557331
154151 21196
639968 309567
969978 579493
814921 306313
748460 385483
212493 374697
141574 876358
544177 657554
775687 190395
273815 14144
358624 70261
201829 974792
229314 975665
169739 969979
643693 353436
600458 660394
700670 238838
762463 796860
954955 474085
227037 646595
783625 459651
537389 652768
909698 831973
439030 842180
343796 491011
631380 83024
83191 130456
628979 83510
904243 733916
639899 339739
238361 8119
422000 268395
954565 945826
211415 693868
808222 11105
206663 259833
787188 83738
143367 913222
305386 205480
277171 778702
800097 853645
597226 918302
275163 639314
438422 110512
541197 70373
932914 121549
801454 867910
793548 226268
360029 689415
840522 576147
942306 179028
244426 223927
776917 348692
12583 390364
979639 781863
66508 288719
149185 770442
954749 3006
202261 93454
479589 40766
694920 514533
307912 607697
345795 130778
801107 459289
962519 665366
793866 243949
787868 944650
859507 494605
119439 100082
792507 177396
450671 279482
337649 144021
466082 622259
46401 20177
658168 355032
304567 663139
327568 130420
422218 59127
109176 621926
451294 817841
847965 502892
583084 961099
693272 928070
408060 995272
829146 736556
469502 99898
490282 940429
913819 435628
165463 668524
671096 925171
974757 619917
966884 974032
544067 509527
73536 435463
498962 18292
491879 16385
220586 273885
802534 288061
597372 133252
442457 302002
209105 69921
737012 536604
178097 554858
760944 425269
254853 255
257748 881236
293369 184443
783623 384233
671703 741814
135093 662249
595355 128503
164820 340898
574765 566981
616111 215091
365281 52047
291439 32481
120626 364404
573279 191510
593053 257324
64963 844930
957589 822959
383845 256564
129029 409089
341493 828011
791435 649851
661087 721989
266418 201082
117011 806468
145244 555477
80422 535413
71263 332363
675340 359109
923346 315691
840356 458740
631623 388593
517394 614884
393356 384422
323629 385323
435123 796667
413571 905144
254516 314697
490092 591928
931453 968685
455393 595190
667637 51583
49701 495862
447955 429907
152507 573577
678824 154246
701739 574770
584188 850415
946239 731869
48239 828512
300669 531464
83555 856232
469584 890249
101535 626972
496841 857363
123761 176106
163414 958372
792985 980430
294327 657546
953520 534664
490086 750610
715260 126116
78124 20705
239773 546323
437257 40621
54611 369931
856323 205833
33989 193
193615 724349
750420 3776
324846 49002
491940 722557
368057 906701
181665 13417
877163 325176
427556 380173
170710 234063
330237 557098
277623 929875
803726 378558
741857 2504
531594 314287
280260 306394
334220 684769
910371 853841
386006 88056
406952 698167
719237 724488
881405 433009
57109 128747
776439 101368
786196 846771
499414 847839
979529 514150
255590 297817
140401 371484
441064 267167
904069 737705
696367 385330
853153 422928
295372 701083
475191 834337
246766 575530
44272 761370
921510 688251
509957 78224
455090 128778
657545 357280
106408 217942
67336 504849
141442 457965
980766 249573
922159 524701
133890 730600
267029 974604
439294 274356
589254 542050
588209 289900
771558 199796
664199 692432
161535 99060
514241 208165
814789 72956
659308 171110
644751 953954
901642 805331
397398 460955
444380 336815
700420 382614
65950 361646
780155 444884
801724 761610
442855 219776
133994 771289
49940 139791
967561 248111
807147 716293
506505 821588
957866 381358
164294 537848
743050 317204
919449 4472
812458 593064
860644 442227
326990 923167
968478 50208
5873 546349
107522 827843
297105 102971
366604 576274
734517 675786
269956 672638
738159 20275
526899 403798
621291 924506
763918 396525
832142 621244
60983 359875
410855 445293
313304 357670
738750 333099
910096 566481
147084 293073
814351 3304
428874 340143
575085 507073
911235 387174
564855 586796
836171 926271
624124 592626
358663 800368
478011 905973
413359 141567
75370 984914
937591 750934
426071 5229
638586 263581
1292 304419
436404 978160
953352 692330
184896 821456
313633 254975
834883 797956
85861 515764
636970 71086
867111 852867
329631 264185
316011 249439
28309 409627
487512 360692
786280 316913
759251 925519
982959 819882
113350 331554
766281 909796
783635 310383
30963 38805
489901 163664
281702 255593
261789 466506
277219 323613
808317 937016
722625 172443
302240 489847
614728 22828
379657 819331
798627 340905
646238 390023
756592 736403
503935 678239
621408 117712
443642 800124
572954 9641
119369 434303
154318 890244
67017 727814
518985 364158
769304 335399
863329 843432
915899 324196
385153 488236
511056 160663
967006 36571
485564 980068
264852 878072
474486 376427
859396 922966
428781 592379
525119 245395
124204 90921
256679 58316
530964 301115
167901 560112
487560 101454
382220 733058
777827 963418
348796 716813
111719 348241
176797 566367
693904 427483
331479 901830
415603 675280
996096 544719
40858 139382
600691 471218
237396 366726
311868 804198
237275 493122
130308 77963
311530 847398
835733 38584
686804 276854
721868 394531
701442 951840
84472 602816
278538 699982
794361 144471
810835 221234
793594 780316
583910 2600
496588 169792
220839 904142
236902 895635
337365 587429
523072 687242
381637 463369
320700 183414
808952 110335
631031 465590
835831 496762
33378 528322
273213 7626
489565 977706
161484 440502
128603 878080
579723 666822
145942 668451
139339 240920
180793 941071
74109 144880
840392 592407
358198 765269
823053 143097
393236 675229
313961 338360
630303 355776
273417 167840
472783 2222
790896 85309
616563 582497
802629 318502
308779 462613
705606 833459
382442 696995
951264 615324
609042 175426
523023 416661
767481 226924