142 70 6045
73874680 40853486 62959992 39162057 50710685 37716885 4606088 27936844 28611022 2942462 5515341 6299170 53765602 74150836 16271928 13118514 60354103 36162983 98110686 47624075 59760340 71093035 63935322 76697272 18835156 22642879 67218412 47145183 12379252 56669541 57792623 63004385 81599608 41209507 90437020 61850380 42499938 882498 54681988 38638639 65997913 22960455 92400724 20779019 95018669 5375781 83524824 93946149 72896356 40556164 9616048 14554092 32122356 23211620 50045812 21874445 32810950 55062596 26178555 80452756 46210159 94986353 85224617 41778958 50167559 69172074 7322817 13093297 40667900 12613395
26932419 60759997 66391364 60630434 82758771 55816681 61698369 47101575 49206358 90108400 87528802 94698588 56747575 52840808 89410666 1656972 78615084 59437928 47105090 39476635 46870090 67265596 21371710 76436344 62168463 96082577 99920489 32918657 78441112 95007030 6823014 56280306 76224605 62336872 67488394 75366307 86522485 29738268 14765886 57754359 90847349 68117344 80818410 46429320 2488216 58915974 44118157 96825918 29067288 1623237 91247516 70041066 27094711 95969975 9145564 63505439 85499496 45574638 45022444 76517302 17009268 78734368 58370913 14779793 93771068 71606107 42336426 35446192 36749946 89198212
10164165 22165985 57211607 30393953 26523381 58237768 52989942 74653923 13216538 35213386 82259755 80095285 74112717 94160937 73179577 75321497 65101780 47282551 79038935 20676940 81447857 68696165 55439055 88526696 47127714 74928779 18555398 26712447 68571598 38031947 41675089 24511305 58681204 87218553 60971706 96225119 46081440 58533219 90874523 33953601 59269644 46306934 94408782 58155418 15658033 95009805 14528096 12277141 51462107 45604099 48729662 6030723 99969814 16613042 41137444 10826026 62933287 56859090 73758040 50415591 22657013 54188709 61758489 9984720 10813326 22488943 96384766 7720680 84098112 17914368
33534318 34320595 56546705 54481282 96015408 67948443 3661920 99049267 43170705 14827289 84463267 26198556 62811990 8953694 24148349 4624908 57307375 28347031 62264542 68411974 28182074 49797208 99121049 98904419 11738139 69250051 66628462 5893341 81968247 60770467 8835003 50438845 16433046 33449170 82135629 95892840 15791193 72669652 75462235 8548489 78315654 19827749 6720224 54830959 56999454 52897053 73318712 58057434 68748545 79159076 21848710 84532638 82678993 40967978 54795617 26109354 87680238 65595337 10629438 34331778 28175710 61001316 37698087 39892751 1406580 70804296 32056290 60374244 29584016 53771864
24694523 59103744 55899780 45831800 84589478 68447461 64654595 95902536 50579662 31974535 92658192 40768244 17276624 51664777 81574492 98774615 78054463 48695662 19029964 17297098 71617249 59332659 30072615 4734117 87725974 91060190 9963714 14203681 62373803 58328881 34303832 23172452 33030289 2157936 43139297 70922216 30532344 73319847 71964737 74059444 55781743 24947886 94431865 39199370 26615998 17145109 49094243 31506907 83051431 83536890 45662259 37952367 7554344 47697283 85012094 84940836 51078207 5992796 81586954 31399799 55311803 12625434 46848472 60460371 26915290 12520135 78080575 35543291 50478224 68190074
98117767 69961660 23515563 17826463 8464220 83078080 59024714 83597901 50789675 80604738 28958750 21507510 19932614 1810713 15427903 67144394 35310733 22201541 95523537 85279270 57033294 86661928 10365734 75492392 28029413 75103196 59307805 20885109 34150915 70332883 16187902 92414800 477914 6164704 86100078 37506069 83949789 22712811 8364097 88329509 79963763 45365130 64205321 22502465 33727839 34106285 66113130 96954696 35924357 20661447 89928195 54314903 86635005 62358177 60416122 70412598 31497567 93654149 16416923 71352849 9709335 48954435 62616814 99109908 4761541 63642740 61570878 45698873 55683772 34176846
31812196 7722895 69096801 32649260 95714998 35456688 70516854 26389835 64236521 63615391 47123808 48987938 54744191 14571117 63600406 5537510 12841864 59017777 77669062 71959129 49440829 3948111 42597357 65929017 10278336 53295053 60212916 25245628 66668456 52702929 39862805 28390350 53477072 86632172 26272189 31589506 83144858 43364631 82401473 76860746 33039146 1464713 52170723 46327599 37497581 19864986 82314652 99511793 15633505 32983061 52651010 32363746 31305068 62139934 49689776 39467337 12607062 55038180 19779996 44155937 54826503 56171716 54885756 85202391 93010075 92777130 96602209 13296470 58123494 33299809
92167176 55699078 24239944 38336453 99993328 53263248 13276755 77628777 21640511 60437815 48506518 30921529 32167310 25920351 38400849 25361187 91445452 39301803 28322084 87600057 45290208 37345994 79160176 4883673 67154491 12472983 19219124 96137766 48653810 55566012 68489292 91434322 20333893 95397578 52898985 6204492 72862201 67770971 10220716 75179479 53219152 58899319 39014588 80278728 30484410 19595067 57323306 66528085 61458083 39518521 18790281 90578811 37626237 4034900 80454391 87511714 61874672 30155113 28681988 73348818 85874390 92586275 47528710 23058387 37206789 6093732 57280769 76827331 79066066 26177148
60007357 30988320 74770917 66489038 3662891 64227215 74337100 8474824 16609794 34559728 1006995 96389356 70389588 58054457 91901796 69145570 152101 46392778 38856525 79376765 49359574 37094287 83017575 89644729 8214567 97599870 39927043 15901780 83717495 22392635 70587575 9115485 73341757 70950327 68396112 27390721 14021381 13561083 1854286 52974383 43478158 61897633 38607915 51203938 41872288 61733430 77637409 51761763 18342567 16297348 33315623 56522963 69209199 90501988 47569001 42835193 62444312 18643821 54522626 36244757 96472346 1161739 85779082 72484049 40444442 29653828 83875778 54961171 87838061 23590486
86484781 41043374 45565029 97025264 54563755 58101712 36728289 99093111 43936206 58585109 16749661 88198990 61673673 72317790 89797876 6538059 6172095 3764859 65278316 18951999 62959088 52186523 12602773 68114205 17038423 3402296 56539684 76650004 46972483 53312267 5152275 96036190 85923071 75373323 17664086 61987560 70515397 36903961 548404 66526368 49659686 2392146 66720119 98043873 92359299 35906432 4915595 32401511 16053854 29261344 84178149 80482407 55190336 37763790 61823775 10592340 3484710 1168100 72343769 67722405 92731094 63893003 49407980 5924074 16035110 85604685 73464358 34910471 63992470 50945832
43387634 57486079 18603510 45491348 42211848 40520318 41608809 63937203 4188604 18918741 1450633 56079703 93244860 79408824 6209416 96318157 71371174 8945724 48634097 83214792 69553288 21156492 23779563 37071519 73567032 93479693 49784096 65533879 2288489 57520486 7964129 9908386 87128447 85629664 19673274 68180155 57782194 7828315 94266992 14643573 1692692 74938081 15033916 609470 92457263 56140335 78099294 25828139 75864906 22175751 63075574 16068185 61333411 19009167 93629711 28717125 91222473 81022785 41156251 35320307 50831028 67664164 35389848 97650602 37844067 32963625 72060303 62202012 31576223 53449050
49587894 46926201 89566466 46724316 24336113 83581684 51910213 10340856 47083635 9241202 52172299 98580159 32146736 71303607 17806173 33378297 14977997 21782341 92711800 14861820 74086607 28693402 29896710 56827671 28770183 25041434 83161741 22988062 75417418 49203387 73315009 80914454 92035589 4434974 16624634 22353224 23176319 79775922 81052888 20948679 55577591 29805790 79271346 11397553 8609581 6502927 16538755 77672253 93006316 72884923 86230253 32188512 36384782 5159647 46138726 52656305 34697568 7791828 14626038 18841216 65034722 24190813 97283908 57576724 87084984 24651027 91971292 61106102 68086117 92727331
22927073 91195994 89238574 11403356 23114003 19451943 30326267 71211600 18031761 82879437 83682771 83889895 63944095 52972371 18660761 87209610 58797024 26474025 3407094 69286753 75062113 46444005 92015387 23987918 60320845 53377853 2022571 72968782 13613193 47864299 39735345 54433659 73405439 18628417 79017042 83880397 46489451 52797273 62934918 37895684 66207504 98837816 77062450 98491585 93103897 96855224 38250683 22524975 61436572 25802992 53327282 68417240 30938997 42644535 28451429 20692451 24804590 4619162 51747234 1777976 22073040 72503743 29357886 50062285 25429829 90124533 28207279 73380484 43887395 23361954
67525392 57898876 13898284 20504452 5588220 23795645 32157814 25045737 88142615 71185576 88685653 31883094 60630874 52412409 69732884 28362650 97599492 40133316 46643046 2730835 69571013 34545688 79002761 34289489 50177442 67657252 38249533 1915414 64498180 17676294 1361330 60593397 93315060 42399546 73334674 39225030 77391495 76901095 71864868 7213968 10902342 17876422 47974134 42191472 73785609 34671497 22290398 6734456 29056624 5327607 88261519 8041442 3019896 74898384 70796795 71270219 73833320 72846297 31659565 4604159 17024023 6501634 81391833 72102532 95324598 68367768 91633794 19003396 34593025 56482348
1408231 13385878 97599141 9094736 76271756 77962068 53105005 97595896 10191885 86256853 38936072 4937632 56591018 88547487 34634591 40703933 37205367 14672810 91806210 8547886 5238964 73185424 18415260 46883483 32749841 29308364 77053759 9522346 51287596 97771082 36603676 39371238 99508503 30837877 11731562 15356980 21826413 16705133 35299142 20421176 18114693 28932067 35043043 86727952 66056513 83682918 27771314 23153647 24947772 68296835 1843972 19678236 82589050 2064950 31849295 53474019 25359929 78082474 58157159 92287852 95651150 13656843 68425211 2139063 50536997 5991342 38153214 18405891 50902429 49726780
23025440 32049129 91196447 23412178 47050502 76022405 26565236 93088673 97402571 70844306 66325659 12909111 19387412 2858355 80571723 25079100 3101260 63882646 10163597 74393570 67120056 76751651 79430915 56256181 73951069 67678598 85629016 11307162 56998544 23417504 79518850 64648503 99439442 88879783 57398340 83143657 81674948 19161146 56494949 90382206 5917932 98860200 82836310 35638226 13996061 81121072 3547740 60514380 37594807 79008029 3982545 44952020 58934131 62620937 44173032 42900884 14267150 76786148 48797137 37180256 42608621 96208196 30187711 52926710 67745599 77643450 74868403 69511893 2852191 51957662
20682237 61927017 83924819 22855146 13785917 84369068 70773967 3618066 62614989 81126984 2452877 28370132 99381963 72854367 57773271 20179762 18751593 19928552 50952594 84743558 88044497 8834111 87456908 25441707 13652329 42372254 15748043 43232744 4304798 39985723 36913138 93155826 93410777 70602190 76049285 18134533 69902874 47137359 76795458 70326896 19846783 9162312 53548491 60442231 99533797 8227878 24669351 46246067 44856933 88952128 54380561 82900260 71478060 28215320 51075058 9836178 35625579 54669972 5401377 41534622 6319086 21261971 2759576 62886913 46399624 44571914 11736794 3737343 11951045 56524185
32530949 81758035 57530130 36374510 87555526 57982968 78080054 3875062 50188011 45128719 27483902 58129436 37019015 45255296 28421914 40888098 33978676 70371168 28528171 87898203 87361449 17262410 63799524 7409967 67039946 26126629 61791501 91055025 1053005 51518184 54343058 19050531 88272697 13661903 72404019 69046002 18999497 78368363 63996054 75918207 72104441 34584530 10420157 18432702 11731505 39354 15530542 27928824 76593123 87494712 8226947 24048329 40536139 6787833 29274334 83016089 24325131 61152154 70141064 35094527 55484552 20229327 93753577 69571804 5560597 16735891 94897701 98007008 82308344 18923856
51453738 89443913 18079162 76775297 76734432 44918093 75077944 26296793 7902112 22820567 83179278 63330325 55773138 61544305 36636134 65973056 97274985 71328291 2284236 52999165 13403197 83327130 33739823 14602735 62732582 50672371 43607963 41331402 33368975 93655098 58863203 7256335 34684930 69147617 73333805 34224838 74264827 22995246 15615391 75467683 15191745 53347628 70759331 8884048 24140673 72762185 29725716 23002695 1699481 7400634 91860364 11918870 32921285 12752783 12549744 69432088 8318665 17060086 70727304 87160876 43342453 25974700 29049193 16586167 67844635 34978135 73326895 50776009 66107086 99696801
47198836 17969829 22724812 8490056 43042555 56251475 69964431 86549660 70773542 56215878 38175643 36237809 2446406 16835038 82415501 84504196 82468562 58654823 95652294 64960830 756109 78004818 21747865 9556645 49306198 6079234 49874301 62782180 21429632 57547747 6102879 59947928 67281975 14780801 57610204 30318186 89351096 95824787 10278548 95745586 47203417 96938245 11424374 35939688 42060816 83801030 65971086 82616381 68674618 29434160 36589102 86513030 54482622 61418838 26158319 73617695 54179650 86178953 34365118 69948901 31601666 3892101 39328082 27835856 40217994 14019978 79853617 30887172 8545753 38499779
4254687 89699512 47445088 57314002 7622962 65845837 22523390 59456837 1026621 77796176 76771141 61241133 43313167 49162200 46071637 33440679 19028596 57020076 83371302 8938320 64421287 26054416 96066890 13351253 27581061 92879419 5560353 72530562 98470830 34131516 57951750 2882896 59940312 11791220 50485017 83137940 91768348 39680050 89631058 39486096 6362323 16191784 63587018 49936625 6950297 55464 94490261 88297244 36933425 28291001 33790018 83351933 32523311 88506338 77989212 64614559 99870953 61298570 11363566 2461618 12600996 42759605 27284529 27498260 65996986 41950245 40417162 31687473 30040412 23694894
78333652 12073134 15088320 33162294 32977577 16853395 1181304 95436098 59933711 93111630 84805765 30642218 36602546 15688027 65391264 63188307 29148337 97475578 27905939 32283920 72483976 42850112 77619912 30148228 37575523 7994704 48438636 4175419 45993764 74554666 37165252 59816217 92909697 26360004 12632924 92047223 56625378 42878112 10855292 55038046 5251089 87610163 55175086 51989517 59284312 74820502 33848086 90104524 32615554 43789104 26581543 99266271 53880546 56202925 96253306 57237125 65097946 59352799 52369848 99054388 5176121 25478261 48778464 13787705 12142187 85903496 99730927 47936040 19840981 27533389
85602932 41480466 82371157 8829426 72405656 19972288 32670189 82560961 87682856 54024281 70429510 83428190 79468893 76186143 78915633 50078903 34690117 14423505 90292562 3091897 48724135 61283157 54685374 93175725 18788430 48315394 19494372 67132187 80411875 36437700 92363736 73059804 18449751 64662258 43728132 40823286 61934810 21973034 3005279 28990731 15514076 20126496 16271996 25241192 89303016 48763309 62655773 23670872 63695774 88456586 71693477 79477144 66002230 42185610 44553288 59175262 41739589 21212205 58285529 62803464 74988345 87450173 24162560 93497945 49429405 11156588 78687454 89369930 44511242 50136904
8995705 12792903 29652947 94644235 53143728 13008789 53471114 50766323 70172462 39387682 24725487 54332116 44853917 84726527 47010361 17233051 77673035 80647853 175728 8542485 11866756 50460559 58044233 63929981 66236720 48770431 94196969 98605422 74971575 81678903 55433287 71391234 83859381 6584361 75966657 10509248 16040127 56401016 64500846 65282051 99842933 19436231 21037512 92186917 46272003 33217898 30598531 18563727 74349968 18239291 37003261 52766529 8796744 85889576 21423029 25661721 16416616 3763944 97642208 55114066 5085740 91098123 88787188 22465068 82376794 47247810 68741664 37996505 59627096 86934307
35548610 50985205 91650943 67403498 33806443 29193406 62316545 44696005 58398807 92502360 61852408 88902203 52854503 35885109 53017558 21576523 62216110 18027602 90164558 12411268 12502866 23645683 37743763 86820928 66685400 29908695 32941797 51263811 50546965 20368723 50916815 38928509 50887823 93407875 60487555 14838575 63236495 6454129 3152812 56479527 6563589 82079689 88962425 43728091 28450957 77584016 79030426 50164350 95751007 85776974 16375551 26773311 2977946 91415839 74293814 8593094 33504849 55113175 14612375 55042809 77097390 34520894 86943502 55463922 41397204 81209057 54451910 92834697 94674782 70896297
1668318 60668103 42503904 34551985 65526621 70779353 71966599 58378581 32071513 72909969 93579691 11795863 58178070 31121143 73340991 44287019 10144194 66419877 75125227 64329882 59161433 80257169 27116879 76624823 37439214 19338332 85049053 7444186 38152016 28611271 89724590 92166313 37398604 66349363 6627677 33920598 27006904 22921326 91391152 67758214 73287706 93141294 46466864 80876495 58734855 1018023 21553358 46163175 21189127 65273040 63167265 23690018 78127584 24173204 37201761 72773655 12509613 9024040 32397532 95834667 1005532 67095919 2358677 4524301 85453011 86805957 19078024 58451472 24031274 70654306
91893373 77330929 9912395 34714267 52378224 68486836 12043673 87401434 17877516 43384238 75234529 54797884 24231024 19224160 14865914 74983204 61684035 14626405 55309762 79624893 57066951 52037401 90540539 17506492 20032534 73738642 90440479 51722592 11471515 63194694 36944610 79945588 98184330 38967875 50441250 85469899 29468758 54540113 58738118 25665106 8490307 94120669 68423798 4020274 34134169 1881778 21598782 52137472 57494661 20052496 59719889 68833311 31240046 39914330 70696332 24933112 29797680 88980502 65395307 44393061 83636476 87504007 15359440 15061491 1880682 7947879 84808009 65691283 54071020 62164358
6888379 69741061 44096243 22767977 86663585 1053686 37150249 57550781 61466584 71676351 94026824 18776282 13021179 27887326 26146256 82801955 5124193 66920204 9414938 79718365 15702952 63927268 85351256 87556357 42706727 66399389 33867969 91101956 89560254 21560646 23683406 21471927 77802028 51181632 33540781 99341252 92049593 77806219 90246983 2077031 35578548 36562259 87999232 63021584 63571559 77527611 37550010 89780870 65488175 75048519 43467718 57612565 88025800 12458272 23082512 93871418 25786658 3319752 61663883 19957864 58035195 43616361 44958449 58329035 76824797 63241501 22423603 43869702 34292339 59687640
32324538 1283890 35063510 52011723 63319384 63156218 13481469 88954507 36239011 6945300 64765890 81517175 64475297 83409812 44228947 7349304 91723496 93831118 9319411 51978164 11781553 48884617 55535448 10209996 46691091 8125295 89141366 69959727 96711897 55791179 87142948 40316409 78453817 15991743 18120686 65827395 35946863 48336534 36289647 89785062 43512507 93672624 15549273 90725679 19006095 58837736 60305988 18400808 31332323 39199180 15495944 98157365 17092834 78237026 99504824 55963334 17806959 54543237 576132 40241776 11353647 68346713 9818923 81226710 39114727 72037530 12070475 33730104 23756605 52151936
19638916 95010051 31669582 23892910 13345388 75855968 58790973 43499400 50304792 30057469 8870268 78640643 8528779 15099276 89191572 2500225 64704098 65225406 70350658 93327852 43394006 6941558 43890901 27975039 33429945 36575487 64434471 55294276 40405216 9690874 81402192 23269422 32951956 62951017 49497431 12358446 44877185 454433 56836496 96767844 15253283 28615248 24940035 15241404 84202778 16337031 15756899 83434207 13386803 90529525 27474049 21056109 67101184 50943455 73073061 98707136 72403633 2849471 13425831 31690628 74839990 61262959 60179131 61078113 20107093 76217303 72759643 65913270 21384295 65013951
48538219 44680614 17085226 14428402 45524047 89027741 84425927 33527011 82916510 48218353 50474998 96050313 36424522 48906496 34245924 10244348 82470160 91560750 60911333 93572212 48225439 92230383 12363382 9913871 92888123 76333778 17114072 47663070 79684489 59762708 36923808 78555921 97793977 71834294 77566000 39116533 58722719 84485849 36780117 19280868 22609939 12595959 3735066 26060737 6533289 41428553 41219346 14035658 89086152 18934929 14293911 39011112 53332064 23012012 77288280 96357416 3698358 76803379 94789850 51344346 51453187 38742890 51671060 55212285 88117154 38279029 2218392 67771600 56492745 63081368
19071920 74997572 84951855 29018776 28953480 98389139 72203657 80312395 64056190 41785368 96972174 74004557 15487519 10884453 79844895 248207 48302645 70885728 43010794 77909586 26434366 78476044 97688203 43590298 220397 35807576 38749973 21413072 29248366 66164966 41385382 20778916 48883383 3695426 35595324 59791535 40112589 22876263 80899312 53158248 29235610 7320056 75839855 35114882 26449376 72068430 14701822 10285397 10520294 8701289 47321433 38375323 80506326 18389001 6941518 62211290 24885980 34440934 45776775 82877298 3470848 12954419 58284720 70561619 98122793 87844097 78095102 75216478 64566404 44832296
6132603 67245981 9481962 67906934 64674570 95176041 24583562 51304187 74917712 94623288 32531689 50248967 24084606 20868288 38298988 64487004 22182914 5951627 34002543 10068140 48237299 60449747 75235512 36891209 51145971 49950645 32575472 92196667 1270917 76737894 23216376 13493885 85452817 88304636 44565566 58335866 348737 16057607 64166788 42904837 26822696 19934392 68454704 66548054 61576254 77645488 36615938 45203826 41288258 10866012 85226195 63083655 19239961 84940149 24352555 79027077 44733755 53524734 76454549 91621640 51570744 45086644 35687171 75481182 83434466 4281958 87103503 50001412 71235094 7983109
62774183 31462505 30300447 73083557 84985420 49524281 63757209 61197774 35446875 79960250 42527775 63987616 93835186 56902645 82075143 22084463 9018483 79921289 51360374 90439725 1951749 23934988 30434089 13424701 50502463 93254865 79665565 14113928 73360394 34984851 95819983 33924561 12705072 41555352 8026462 81147499 13448896 27341867 10136474 59894368 10643389 60121113 35054339 54597614 66030696 64543012 51328464 39439396 39741884 91847658 2624090 66948091 43788168 67732178 16655275 65489668 260706 88573179 81735914 41494294 19049170 35136218 26316627 38996999 17408762 12454610 39706346 56434335 26849961 4735536
40634507 58627395 71594746 54952320 34391751 50494711 57237614 40207426 98994069 98276948 78269223 16001588 6147417 93918479 38765053 45220206 13746713 58739324 81810923 10948958 63225382 73644102 40131872 36156329 77278414 4853012 52910316 97831608 81314090 66503112 41923985 28342558 65446498 24456416 3903666 42577890 62923012 99264676 55405314 15865360 45587914 70478929 61510614 64707100 27315392 19355220 90314594 50049620 22302194 72496146 61428475 31106658 26692184 25081228 98620414 46678818 79212177 29077278 54236338 90464814 9330350 29183340 46187662 77034774 99905654 17252957 37062103 65936984 75378621 54549871
89308454 22835117 76261027 80431507 50465597 48623859 96013864 85917878 58050691 146563 37360159 81091840 4990860 59439395 91661162 26389903 73377375 82352164 57191474 29581077 26840756 71946851 89980734 32594519 49989799 77250631 24346477 25345041 37127035 13740929 9324839 27318788 61847732 38365860 81912817 71919722 4148931 88954207 38367773 13440780 72319745 15544792 70766997 52011880 33153475 89465972 7612072 37990260 55916779 74921725 34469874 73996844 83030604 87391542 73474083 80165677 63562086 43327211 68968051 26161718 24396235 26430252 60651985 62135573 8350686 57219648 25304331 22032 78516368 54650205
33479425 6452537 73751438 21217720 98540308 69040028 1525409 66287908 91967858 88907847 71204872 6311768 61094232 34072689 3391796 45140934 13240742 60654900 99069889 42832261 23697320 71877604 16084052 27131723 84062701 38429562 79872469 88253467 32171558 48004826 50390432 24620645 95166781 86695582 77809512 74910443 33232190 80402878 5845229 80046468 93082941 40543167 23460910 67707502 67517977 65066928 23214914 41472331 10170859 43168852 97663021 86896231 73052362 57395 93997206 77615370 18560250 96764811 51496633 76001252 7338685 69216984 66386210 74938099 78701740 50645709 64342548 19971768 21292530 71914375
12156748 84379703 78231491 75441212 66957932 43637102 43214387 10142620 43920991 10305325 81852650 97182324 81526531 45544299 56005685 69300420 97210551 59251515 37936785 90109628 55635902 47255934 75831397 53984375 16837121 91045938 12548409 52031582 92134752 63186249 65432274 65120352 11984806 39879471 46595718 11060987 1823544 21053757 40289873 29762089 69487280 97908828 56810689 37557754 30931477 88028402 50847494 19885157 39742871 78967818 26261643 60106101 40332963 82651458 48990155 21504413 34720706 4965372 55101396 9354292 38456736 77606218 71986709 40443065 2511072 82548479 67254143 38545046 94840710 23417678
2097260 56081464 67873056 62608102 93744184 94564760 86285716 48159270 85048984 59413767 53232649 206281 78369603 38339633 52561243 13244817 15583474 36740579 19584409 57502475 76424083 38406872 63616295 30383811 23278753 85325720 91749800 17257298 42169894 86489026 25248516 69778151 16849075 72345210 57445373 99491790 25765263 8899671 75184682 14638457 70125611 73456628 54613862 98880311 25349199 72608471 46525689 42098092 57921199 52316948 86471348 85455217 64986914 9793828 509194 35603006 74982226 67377001 28723624 36201416 94178967 9711168 55542966 58855554 96230809 17280653 18404869 90118952 29637256 51705060
64462161 46390372 61500381 61196867 38791750 44331731 85030976 78193241 16963556 90860468 92967801 75412729 39846113 33820501 59405672 31450685 69169943 32111651 78485137 32515605 58639338 62358249 79978527 3021860 27277756 78123395 79014224 14492514 29211523 77226089 20012970 69589279 37241083 12894306 43367125 96074889 96318600 5287810 37475777 14126473 57445174 71350282 38455642 59656794 72520535 93001188 5179759 56163498 16322583 86353493 28252964 28114776 3063673 17944187 28115174 39993160 81865056 37890339 59670610 26857445 28010458 64434178 68672973 54645981 94984298 59516476 38553788 11432907 56069538 80818310
25463035 84462132 43674748 82137038 3998270 22022200 89579466 61013129 36430485 14088403 79931467 20200214 34191933 51146833 65099082 17871613 1973237 36728331 6376289 30382244 41984085 35918548 99057711 40955706 48763880 39473655 84545354 97842036 43385704 11159475 52918287 56292500 79979040 64545165 41791121 30123456 7203691 84720738 57306571 30692200 82639335 70271130 78752034 63783461 19012306 21327700 59559523 88205946 87763043 40631372 4342922 13824190 17664868 46279927 84146017 31301692 4036628 17195158 50219283 21007128 87548876 5334020 20412980 84336203 70705234 52281008 41668571 77127480 14787651 42097444
77110101 1901328 386268 7166548 26881605 33326874 40591652 79261439 68146231 9622663 7509208 44176550 91557235 21522508 69962557 15001192 19030585 69988731 43084758 86477256 10793383 44030902 18953262 70871377 8451908 90788812 81506475 44405136 15217582 11464336 8686925 52525149 84448676 18737529 30087981 32158190 73310150 33978118 39338139 9584779 19623510 85864335 57038913 23677926 16873112 95946811 2279416 5992018 94854892 1246016 58582703 21550132 61597994 69147549 13596060 37166304 25959329 5660331 10919336 37752583 99685626 44528542 77172589 55298992 72757064 31738932 77736208 10077784 66471075 87640921
10553808 89111657 94994509 37197658 68970190 3058893 8006814 47812036 91783655 69406654 44576450 3722372 71524058 67226941 1557282 76138336 10424973 96738039 8561229 19088405 97640375 55527484 5957953 32375948 30963307 12530972 42371972 85091814 21635981 20724789 43792004 85807095 1797856 59977732 57677004 18870485 700196 42621705 42337765 40160459 68022713 46038466 54392594 40193285 459871 58923327 85240025 37663631 71201511 40874805 11261119 62295351 71014422 98572596 51858359 22305770 44338608 76044460 74457808 28837633 44143931 41385920 46245558 67388576 35249915 27784933 8679180 64568849 47393497 52817006
42709334 97443737 16536531 96714471 166264 32267939 55736921 67676961 99910387 59594943 65364257 20278362 26115801 13545182 26522854 21638830 20449979 24442615 21252172 79268738 29932490 56080053 88406555 54354681 57900139 21549448 55073345 84745979 66775409 54874007 79970358 33013365 98229616 39604935 7470845 56689854 8851783 60096245 58735996 70167066 67578698 46346942 79892154 30708525 24911166 29100652 26271884 34654793 43336059 8318511 86445105 54133536 73393196 65191986 40098503 79450902 70470709 15537980 99778492 57828915 73682037 10719465 8095010 35266802 10072207 41160562 49190458 15042513 44920646 87075865
86110179 43733955 72052247 91209504 54167788 23627702 26837961 99180277 24480836 28996308 8960745 24454954 1559230 72963552 22042170 47022611 34160861 31540262 72869572 47518655 99585997 81901645 24233160 11848006 68163938 53090327 62276995 15282594 66892529 19067587 21787287 9559253 39023128 86398559 10986047 91679725 39840662 41845421 91167575 28915367 17970430 28755948 95909862 50944915 6250358 15372994 19612493 97104409 86539429 3053824 65757152 24404201 98790056 97876456 21556409 40268724 36294167 35223459 17550934 22880512 6219841 3671981 38234876 31560683 37387353 61881957 72933635 89793970 85690490 80162868
34927824 44307062 21651061 67012571 31211691 65034888 84301574 60160104 35293862 52860204 50923003 71507570 1092784 64687620 3121711 75854560 57248730 48714065 66311536 24401778 38068831 6683334 61874101 45768906 39841085 64463278 39102506 69624913 39397834 37459892 47490462 71017409 75578728 23183359 69011082 87100847 73637750 39706922 54736518 2201690 87658379 55810179 481654 32021923 46685484 26274226 52112129 63270611 16552161 54096837 52738978 21126429 31274118 50321641 31229205 43672402 5403886 51726044 84293655 39807395 11881548 86788469 22870542 95127127 98688292 51156145 37605086 68880791 22003589 65260639
87932670 94347659 93586323 38778917 34605018 54841285 75744734 59313669 16455882 58037256 8529618 55967262 18784811 72433677 20679644 62409606 92944531 21491878 58367320 18590901 64549564 53368124 63938536 5426032 11180732 17135354 50608292 2578230 99542180 80007296 48469552 95895277 46734620 14315552 42191937 38102435 10640563 67853572 81431268 84031970 20374232 6689648 21240681 79969993 29331015 85664425 41668452 85627043 10578209 58526637 3247276 46789709 17160984 87024089 18224200 16886302 98354373 46255200 56150048 46500372 96974276 52199657 56841571 21291719 52567361 56585067 93749214 30835197 631884 64109734
16407847 93563552 88978409 27529981 1917362 46301154 28921502 67233751 62294556 30801410 61200412 43660406 87057285 74251311 44358919 83290086 48546357 65882408 66771405 21914082 61260217 77628317 42584372 82511115 65871940 63194521 76549567 49292598 3617665 96957176 73056977 34343293 57390044 81783270 20632892 58772031 62139899 63165370 4750413 86400430 29083728 35989869 89006633 54755872 85734291 19808548 57552927 45498248 6916029 8658941 30121664 24398260 696562 72279825 45074819 59598375 17560105 96993947 55606871 96125755 71168111 6580851 99566519 24489879 94697021 96138445 84318693 31685678 8012532 45232790
74650393 64036485 37834278 50561294 83930967 63049214 15564438 32905310 46569383 57817578 75598215 28323959 93268160 10497370 90703739 69341697 59655623 14991144 10453434 98307997 33585146 43217917 13708462 32158263 86722159 18206749 46802318 15480887 41996634 68741437 95339278 57096133 80874 86396695 29417831 44278316 85259390 62544628 69608846 68303548 73889767 30273477 44162687 75181038 37110352 74148944 46689081 76226819 63532710 99361667 57948008 14564440 27363793 71042733 65409493 85688041 32734784 44392330 99884625 52898942 95970635 6754997 9799728 81727702 24116347 43888143 10580120 41379351 10243043 24408864
79129395 85790315 93888951 68767280 11534755 32061294 28447434 32082953 25898373 99831179 56396216 83794244 71589398 61582843 17969016 11308682 1230638 80922423 9202812 9705745 72378568 83549507 61250987 45031743 72124810 13936432 34434661 94839738 99741746 79660631 7711513 76365755 14509 74884799 97073472 70095775 13046055 4655414 54841618 34466333 95091639 2490909 85908763 86054776 69373445 45156609 66687105 88853586 85845753 20574298 67850473 56086342 4525494 97490070 62917642 18511294 68272586 78824909 51305286 54271751 97798987 94558230 36686114 7090747 24204929 4545349 79319815 41970756 72485337 36845694
84481412 547516 23218920 82939309 98193745 21860288 9047044 7635000 56177717 88539150 47568912 8524236 72266080 43273228 72924244 77510737 58483482 95912030 4604021 75246405 40577605 7665345 83924551 28230107 69993169 95605433 16119506 97876509 36112697 48038531 79149231 51038063 51044901 79300967 99096057 82263886 13323606 81148461 46408922 99505171 56587159 47145485 77280184 87027513 54640323 56324804 30081940 1966270 85257618 2875629 88058776 44261915 51669195 49732105 36368379 63638123 22877286 65672082 74080969 31836048 81783349 77899469 89893044 13494120 63563033 35071706 74080464 14863371 25808118 29347168
18610424 75974203 16661665 70265650 52351412 98921151 97504542 38138288 68964765 72608110 32708654 70111590 31330977 62597177 80554102 48183569 78258417 83630086 6614648 65188168 16741719 61941996 93747793 42127526 56181532 24663159 41282893 58219845 29746929 24404772 30082676 33643997 52456292 18551134 79860681 74200177 85571996 74830939 40469012 46969255 12548744 67416416 39827974 6541770 83045002 61099714 57751126 32500764 48401396 55021772 7126285 70580916 94509605 71979665 81745125 92289772 76139682 34514204 73530986 765118 70563371 64780387 70996561 14255793 97705445 81628990 25470149 52851599 99074672 45378473
11961218 38951158 28370524 18432085 17493031 97444915 82931265 68195856 61312106 7703732 97083617 37678962 88591365 16201806 25973697 48708687 82075795 65965934 71603498 82868043 4576529 37031417 41566641 6064838 19301232 20698181 85371757 64066812 34715779 69618991 23261300 78388184 85964152 75614872 68078156 14588797 95830620 27601188 42001995 78347783 54810196 93121060 6871729 18599471 22060467 48721130 59330084 81570051 76839895 56767911 90170775 64729250 43494714 49291309 71038290 65472109 72138610 33055095 11024852 5771695 81876339 74292489 20728635 41094370 63754572 56408215 31981880 29545039 96580156 29436705
47727015 45510540 50328144 86159420 38413512 70995178 39068868 6522511 58807637 87393123 38175429 9359324 32251888 20618232 99030007 38410589 38180360 63312577 78529346 88248321 43090864 9280812 50396934 44947835 35194118 87348226 80641301 76215478 58604895 74516134 30456967 56168059 94209527 1589086 96446583 51073090 1238663 38374061 10249815 24097433 16093810 60102683 97496606 39475026 3120567 51903238 39459413 59492787 65791156 3950032 89861117 31307016 56153238 86343453 74002281 54840892 65421651 69824874 37703499 7876972 39234163 76106278 19515565 79946860 37361888 99895310 91232301 32733492 49559567 43622220
48947824 61439784 86760402 45425956 39732112 78940656 89964685 61132418 77455770 82523722 37941036 81758724 35376900 91637249 89253500 29503044 2810006 64302195 64147381 77230398 58528951 9708540 57471158 79140567 44512930 15004263 75081397 83605075 20226532 95398720 3072087 23085927 39831943 58440367 51689348 40599639 22563396 45692147 63937027 17365824 79951027 78016018 42648185 12080382 22663251 84291521 29192044 8679195 94443903 37631464 62005480 96508872 70952341 58021097 53782678 74497030 17271798 65795494 52426075 79215236 19433231 86483070 92756338 85653630 92509037 14281454 3498505 19076944 20662948 38795278
7206087 46507465 2999518 27653636 39554399 87181254 63138594 36238309 18828904 92749715 30147230 84992143 16453929 49398 13793537 4640161 15051603 51938660 78043927 144389 91790442 15000684 63307353 25326578 31677477 96838011 20137081 91831301 57967419 80234615 94932588 58465196 65006839 46637329 51641253 59936416 52600873 57209128 22541491 37631590 90384552 96132655 55895995 29305936 85700293 57893121 68595874 59425387 89127696 77945445 17873396 47387918 48081304 64471371 77743147 16964546 10786477 87857994 43038427 47038684 90463125 24079966 86741733 51085943 22691520 28343415 64765198 10824598 87703968 36150374
96418940 18080370 23740660 50368331 48512224 98147329 27627506 74940280 16364432 97790090 24378367 98546402 25959875 21520726 88893530 14829341 78062421 90897070 19720911 89720798 17313097 83327435 97365907 50957915 37165695 79229993 7780412 80053760 24972546 9383357 75431005 32786966 10614636 47918222 29740895 701361 6777243 40638125 23719661 53157230 19304320 93220789 34239464 67151602 62021907 69339654 99685834 60425759 32002832 64858578 92605731 92303949 88452051 30990963 82495096 86258006 31223949 16677781 17012625 58368479 93440012 88427337 38676042 6653527 46757269 64472809 58491694 27662696 67544973 69341976
27987770 78783469 27558950 74796722 86766052 97384206 53660193 43588272 13956560 21217953 47706170 33587358 78854055 28437325 69950482 51586797 68534844 30121453 67118423 68437242 68396872 3391789 69783104 20165173 85335650 48994338 92748796 23335428 32663047 93651647 46855196 27158922 40895569 34538677 10948333 9709394 19183194 40912497 18720873 1101422 68419458 86226429 86706633 82595093 38967945 82985181 46921088 67331110 33459909 32148158 50471772 15763328 78262263 79064043 76919409 76844033 25984701 88720392 18252723 74630529 5789280 14517915 6046846 79219900 8285282 36829743 15707342 10782090 77436734 90281906
12658805 25949730 83179467 81991917 1919105 26936382 65339181 26928177 4707354 15493249 71961431 91103756 13565663 86177549 63309072 38493764 70931878 16394145 16552151 23366415 75182391 64285248 45569831 56143634 42871285 29781300 45303412 97957797 46224010 68989430 80744074 6747055 900846 77584152 66908502 66032391 627454 74978284 28050057 76445421 82496839 27790275 81872716 79626632 59579062 48487502 67659524 14289670 75932101 93073325 25996812 75047894 23189256 60298945 42170038 56025389 7605588 64119485 85326516 13325242 71777800 10976873 11144960 73103767 56209136 63980503 47021222 45300114 32472794 17169842
45674150 76996487 51934455 34781481 75595021 93934966 31826502 32806406 14908577 33892708 43923580 93111514 28983144 71418110 80151165 4012728 41521915 69856255 44165820 15425316 53886988 73642789 58277890 81580270 28052258 71521123 81044372 39783981 24850826 19638649 2441773 39811613 81077104 12403453 20735743 95262939 16523327 28533749 7996375 75572621 85174708 59908091 39665037 95355301 23557025 51625179 97660643 86378993 3624936 43107820 56220320 56698700 67598846 2136473 25001455 51345387 7802743 86373469 54929108 29453706 55824823 50239912 8854864 63825209 62217418 38932938 61300160 50662014 80472126 75921830
19389209 89569199 17150683 55437319 50533667 56912471 73821545 97269067 61513171 49230942 85846811 7612233 98302984 17643104 58083508 16754709 26331946 49047433 8207872 32072471 6811010 75407247 54640820 53101190 6354630 8522813 27947216 44378113 64324357 4431910 42101206 51298935 95155951 58943393 35154343 74410216 21388431 23796514 77612771 88358637 17195469 11552125 51224279 3144210 91926540 26560098 20895566 17375299 58497376 19210597 58104573 5899122 12426153 11165155 25442304 17482171 93894015 80376722 98813038 32140758 17415466 26446196 86341420 42272709 31536246 59226207 1179394 76916964 14433344 66571170
59175549 84268670 20373774 20745970 1763878 24003091 66695837 77243877 89448584 98012480 91308595 4627577 71906017 65835795 16662306 59495494 16994414 49361984 27724625 86788875 72856620 30313277 8704368 82393334 44820479 83565735 86096720 2351917 91946176 69540128 94080745 40994959 86839267 29696897 12382133 28905309 36742730 90594856 26421124 20875803 33940867 84023944 24897574 53879107 89152406 33398257 80922201 55558371 2859734 39896228 59385005 74860383 46415664 25760731 55458998 88171210 57288729 56722577 96969263 6677603 952448 70686689 36814579 73665713 15693642 85621038 20710661 94081919 36009323 46014157
40231321 82918928 85281247 94317882 71455690 53853499 39061758 21467713 55486820 95050472 86574064 58873994 98688927 95161066 59924637 23202875 57697594 89281675 58044929 14816801 27089307 92002686 65524172 920080 66053687 72665099 55264506 85255822 84493849 6556037 68284290 77626357 58687321 5012528 84014856 28559999 61971999 87266165 30080673 87122828 76878682 7349583 31822211 73174910 1713661 90498968 68715539 29296183 76802008 65225064 87362041 32158015 33434103 99588453 18866293 98292212 12015082 63203159 62189586 15010027 4998829 40105907 24461192 63649550 54895250 11866634 54248926 79380558 77971527 15179148
64435133 9471767 90225110 53659135 17613762 90226164 83788267 9689916 38818686 61715886 39130971 58894737 27913002 78998898 61261017 37177588 67113519 58675504 96577225 48262842 57894276 20443508 21113651 28277309 75907303 44736607 90619763 3156560 2578546 69581409 8253542 84520660 77681271 92484216 96621529 50152722 18458871 26459534 57481870 46327018 67763502 83237993 64633377 30971601 66196505 21242222 63345796 49013712 91381104 1094922 43143319 94244525 71267431 37224229 9835584 65653077 57764385 20557192 7397317 70417445 42012464 14343013 30629840 60604606 3256155 92823425 25494736 16118642 9544034 768426
95591941 2550226 30379283 60821336 20461570 39318651 78962789 45147899 44220854 10860899 74815627 58060002 11504576 41610557 6337139 47085292 11759380 34122650 77249469 71379805 42649455 38938771 40898856 8431486 18663026 84650125 62028571 72678225 31966183 47104424 96907879 52964901 19132583 77815840 49595991 49689589 99584612 43375492 44639419 7040003 29413558 50023226 54645776 90896886 57703507 40529778 34946507 58781970 81565558 54151583 46955642 4653802 70796090 34658899 96851112 38405611 73404800 56301106 76849802 77595074 19215259 13061359 72616939 87236700 10322811 82666064 92245033 2413304 24401582 33552876
79757056 8013797 59684505 90364290 99233125 30080353 18897203 11522064 14429442 14048741 63508692 61051099 43152823 26591443 69368782 76059607 35673615 19823898 80134222 41145736 12104412 39310080 85842576 81489033 94941437 40604294 50574826 77498512 89860040 2991942 75354845 85627234 375250 93642773 10265801 22326743 10122920 40565845 23220617 31102846 30286432 18556316 91905688 6247601 89088549 38749902 10124016 91060611 35287525 59451583 90096019 3236017 38261025 3581032 98233243 65579857 93531069 76377890 83482303 36335761 84477645 25935911 44543335 40135204 8508216 78685686 35099349 97951825 49094862 12121506
24649836 42427645 63860320 97868669 16624064 83552216 63288753 59613314 75156499 58914102 74656559 42467682 27238839 62607309 21423107 83019432 87920152 97363596 99590778 2614487 2808674 35594874 99438274 20348582 14335838 6768162 3550618 96793566 36075123 50898896 90213877 74660209 62865371 90936606 85012099 78400069 53570229 80430320 32858541 71174805 98012421 77099273 7712772 44672013 19953552 77797853 37879748 34922533 73947255 25851908 1056546 15574888 65475405 67856924 35186916 19008333 60984275 93766755 18703344 75216776 57269454 41464961 96880908 38571588 48115440 84999029 69796682 93372117 60177778 54271073
11782987 90518512 29802748 53216861 62282336 69692229 57811520 53368305 13656437 64105357 10232851 40182866 22771167 68180739 29550276 80636538 90073916 72450575 83236976 62315433 82399299 34512020 4183311 26604210 23883698 60054066 71079240 81557896 43138692 13770766 35895753 33656950 44227898 66401629 30316499 21883663 64011325 11190851 73302889 72421270 89065859 50732740 57932862 17765495 31660031 63471569 17235671 40151420 6155746 8049788 55951975 5936980 4729171 13249390 87980579 54947543 44447556 31446896 37730240 96774404 46508232 4303364 47676938 44633268 12840606 836428 84134037 86627076 85291495 40072296
48574855 54120829 8258655 3151354 82804115 97424300 66906907 73061800 2856846 20091884 39995790 14101548 8710275 54887042 88867229 17719386 94726343 86822105 2286159 96562179 29199452 41672501 30596674 4355678 80466141 61977719 72050743 95672291 41740333 86779633 19186067 16689910 47169960 36212070 33774224 35721740 77567631 77543800 95129714 80597798 25850221 15390387 58465126 48904554 29429143 5548662 67497089 96639958 79625168 39270816 88652317 91016904 86638717 82783412 72992445 33948928 12688463 85469905 6371029 24177749 85638262 89373518 78355503 28052998 70764365 82540626 86091487 71650343 9271893 39213060
90556324 50214897 28751656 80991057 59543307 74842670 92975376 74826808 64237506 40863528 86259384 56071897 44388762 7564979 21083984 27790170 20856794 24696817 16737590 41160867 13698045 27622502 21461876 6035118 18983289 50033859 40906136 15572193 8179677 70821540 91656137 94370216 40200322 19994427 20184738 95619228 18119142 17466947 14778602 79542909 80068149 8084026 90827361 2758410 86978925 86429256 48318596 36172153 58599588 75762564 84464077 7642617 13613024 36859464 94089690 34879535 89701725 34574815 5753518 73912079 55049123 82629670 82513630 58947012 74036793 20420750 62849050 50550970 56791479 49577661
29444547 40829381 4755381 72543918 71381793 86637788 62597720 30633574 48736565 54849603 555084 34815930 77663618 67317663 80682622 18906780 28757957 27405131 5517691 21895234 71813227 94824722 8302022 23811072 6054952 51013335 20178110 17838292 86508467 63382618 41669981 306336 94368314 13524165 53278054 99741247 2067981 1811355 23162330 46334776 52205858 78828177 8657708 3990258 3565330 82668547 2759707 48529863 97173964 80388057 46738442 77698581 60678719 21753226 15683230 81276109 271277 13921734 85049708 82908566 25979429 16800306 3175913 89197786 18347682 40565245 27253268 46136648 72362114 99193874
28382976 8154749 47931675 36843456 35117853 70839497 15320048 97527380 64284135 4823431 8629288 52776773 82897380 55379429 90768481 36838888 55631034 39941196 89297653 64451960 58565869 84067213 84119224 22349497 81842919 85292139 15196364 32385197 1362171 83860389 31309545 81533066 72813711 49512455 19319734 2005492 90097637 64295237 37488581 63345361 54583535 92793528 26113105 7586594 21679839 83230503 84064311 18440735 26827941 35560848 80776285 65955500 44305502 5981033 19814266 9204513 99117811 91206866 82357303 71305709 34775734 50419407 56763082 23429149 37903188 77955960 3839550 27443336 34386701 35623738
16530020 90462318 1174092 89939567 7425450 78794214 82848868 76649701 97849591 23655055 62751459 32559693 88219815 26500096 14687924 93005003 60968383 37938071 53161336 52218823 4515956 40932111 7580526 23404332 49621258 16354360 69045458 15494462 77887710 6949564 97077986 64382963 96290003 24376235 28061318 17836348 71290512 63232237 97171010 75347138 81447577 95834924 71224866 26864510 78374608 22014293 91148641 17639328 42491092 39290808 39648971 90346268 82213562 80547914 82204507 20196511 53066622 38672493 77630736 63930334 66651171 60624812 18243509 89379608 18488995 47012791 39040844 38716100 88469907 37483711
30342082 5552167 57959680 97109739 98968012 73736263 43584022 44431952 49315132 73986455 69285884 77940815 97571697 63430902 85460433 64509337 89842797 22675060 96804013 50658435 68096188 95191139 78970523 45522308 16610153 64626135 48210582 2994874 25999202 77050506 97875961 99776655 31912959 67220412 31003741 65904751 21148081 40602132 99151701 74836801 49182625 96208116 4238505 41273174 80036785 49219902 32349231 6639834 41883472 26923875 66298846 14517683 89976721 66661676 67203279 91292402 82235439 40297798 24389740 50912130 2214592 66132736 47684997 36878597 9215351 46240805 16452317 99460594 55930383 84887539
5704849 81606947 90289883 1982352 81205236 53149475 50068572 54447942 92668256 89624634 66333328 17938676 97015394 39405889 14955741 61516002 12087159 60827096 94183317 68689685 35301123 39590487 60657684 19659482 61450607 15991101 26287593 51642610 99170963 61352817 4029132 56848182 16557520 43559419 91894986 60960548 43001170 12677363 1409244 48919234 16514718 19405268 69243675 69334031 93655062 51448385 38915961 54049464 32603361 35904584 63199939 35173737 19047342 9361688 57292380 28312982 29216938 1644291 27800419 77802457 14756511 14011416 13258229 27402070 50073883 98094697 98151103 88224460 4388503 57980057
4319622 24589553 87908019 4574097 21136115 68050392 74394674 88759714 8990170 10739 20839859 27833761 99389443 14155786 89047244 18332814 19376609 81343058 23631975 97591400 87982738 91651374 56275349 76240366 68082038 40961548 87031527 14341244 8282287 62743257 40064811 54965893 76379932 79648275 3403046 60768849 68428319 64061123 40124759 21463162 75612006 51933852 1854659 13098785 4889739 50032589 84524198 93655827 78763098 13149144 41060820 13703286 84547429 44881822 6001707 5737146 4166179 93265335 92984712 91300031 31759246 70830536 97651324 11097843 78290603 27600401 75703440 40067146 69859812 45079530
68687817 96710289 69566752 99470215 18539112 94003582 91548279 63148848 45994373 7797100 30200162 74862318 67698973 57862968 97617116 11154715 92155934 6612283 47928290 34210545 65627680 80989078 68475128 74601368 35681222 14163053 34673031 31348591 62274878 85381039 57917761 36265902 34116619 8700465 4042113 34720660 41481167 84316394 23597850 80754253 15755023 79806936 14632479 30927329 70685614 52860158 33649942 48306464 70642789 61908866 81088829 95684730 7157918 36587976 13921304 5429319 86587899 96042377 79870371 62275194 18958363 9851533 25262739 24934528 50872474 93700389 1678988 42567465 3828666 19914299
85332351 92960511 63372760 1589117 27501878 80684637 14216884 78285792 74365363 85555999 31789705 91122097 30221844 44397907 21639447 85582431 89363143 82403490 44693258 21479898 28748316 84324286 78583496 1243127 36154521 10260735 43083516 50063639 46622265 16006388 61152627 94427751 73782570 33698368 36171847 89170418 52048111 4952438 659167 37426563 50669920 35711807 32085087 32718801 81305754 59714584 37366093 27908774 97015800 55785538 79195986 1852471 72495876 63083691 54581762 51338340 62877865 77987926 38782987 83250180 61571595 96478701 76310518 19885105 16391971 86674655 34722465 58970152 17609638 37608695
36662370 49159445 41583023 32378959 50916580 51656978 19274133 36485795 54224787 59098514 219994 75466717 72159839 33939245 99426161 99867022 69599808 10332239 47168281 134598 89147512 75845922 9832172 39203212 29309541 12357151 13692478 16329305 13329010 29069692 82924415 62173173 24273204 64846234 98162734 92166137 72309362 71905320 92566493 12881139 16058829 18422861 28617790 84424906 81501915 63691204 40777162 90795701 9112733 66226978 86637821 59701384 12735385 82582226 22365514 3508307 52169912 2601647 6980240 23792397 5518359 45482007 44430665 33389467 77048468 10228075 92431548 1892681 91664415 33962745
2679058 23220795 8031172 62037250 8328381 37181633 28980949 75000688 41512532 10881005 37356 49226324 46200869 378079 64724855 50355447 49840254 68163976 88788152 71707846 70991436 27841175 74528170 33421195 69567666 23807035 61168325 52319990 91302170 30795601 47496819 77377929 18715557 75807570 78987715 61125883 17123864 43259121 13185580 3470930 56122369 23106083 14345505 61130190 94499899 1250671 31152393 63246474 39682905 71713843 79800351 11741032 31578036 70857090 88795137 73572006 55076532 95363229 61549589 91305414 55503298 67736622 78174016 48268846 16937992 55758916 88820572 25046259 64605034 35637304
47522641 75185583 69423993 12507994 97677300 29729164 65331279 76508374 48150986 12540237 38128659 77807201 72445464 11387042 8383591 49782823 22443298 3359380 10300986 95965327 72959005 77430725 63505412 83409207 3654103 31842287 45317427 52838970 80831351 49473695 97377146 64210870 23205436 70478260 42362733 45259739 22954431 88199048 44071044 150664 46188415 91745268 17272150 65531040 55428585 66596815 82519018 72079322 80772299 43217982 65488152 81072558 16126526 52899773 60446543 17545594 32224115 9913389 13084774 14290587 79094453 89545870 29225718 14246285 97242024 12702054 82812702 52752294 68993435 79495373
79100667 55694299 19305535 16613208 27118251 44742081 18784229 16230900 89238372 36682831 50745683 47861724 5089335 60278145 78858603 18768415 32058060 91123824 92238297 43425183 5281560 22667359 10820331 58007350 96292292 49838827 5423501 81999079 41377585 40676627 24118989 85747953 18232861 10880358 19354556 70158349 72632849 96398805 38739617 2704011 35614635 39961919 76479166 82553298 26060791 68891325 82151449 26839043 3590456 43574773 88856393 79968110 22310720 98665664 53718792 48354115 37250230 82369616 312278 54069995 32191416 23105755 14777180 82655392 70137341 17381271 75237322 72677166 15793621 37893485
87577952 57629538 43215492 6674516 59728924 24373715 21164525 64519387 71304345 96555116 63739119 94989182 85781923 86299558 44487375 28956681 8362255 82978109 98480488 63962649 14230365 63943541 78719357 81576751 59148789 18879637 90766615 35507854 37143601 76767844 2640826 13384216 68501704 12464089 15779114 45924942 85379869 88491826 87269056 48649701 32032902 56895693 13570122 33324692 12000467 5863394 21589613 19018429 95549060 86311739 64247402 5941824 47247649 94746064 84558485 49172786 45762578 20440494 94781767 83916325 45789355 87349814 15328075 9126954 75495890 34152022 31889945 32120935 71933934 79433861
58650210 13231751 31582344 13269965 40446002 26612875 93517943 41309492 87409269 70967801 78666726 82972438 11874461 22287981 80170175 91471058 29238570 19605161 37108565 20110164 91978229 14315363 26655028 6683278 49173124 93807532 78191355 85769973 62654470 10930690 46998355 67352958 65291898 12259160 84840803 39411779 16951536 60166255 10098894 62013268 99302709 86392584 11055239 20907179 91920098 98095923 12528438 99748688 89022855 81295335 98251303 11807779 48711572 11173107 9223831 4388745 14708642 83873704 31728051 12171383 14377011 30239880 47773945 89298689 16186894 58351730 45452584 94274178 24819533 98785353
77004761 36595208 2741606 94183508 8370342 19537010 33353465 83031454 25565648 29615321 82708843 76456959 50443174 29993926 74323282 16424211 71220007 12466563 64733006 33867176 11618326 50631040 96235496 96108695 46543387 75486602 7637620 44337469 21931456 63923927 3856601 73965714 51732170 90440402 20863730 3366258 45946805 42901588 73730217 9788411 70226021 44283064 42429069 85177904 49737655 54065181 32566543 79176870 7847135 45316446 46361070 51755626 73610197 66489602 12957250 53728876 1159500 567741 56556923 89834620 18773929 28436048 25868941 96104937 65751214 88218074 69023724 80933519 81161710 97803703
14368289 37545688 80143060 73909283 9451889 34502295 90602607 37748644 78032013 30419838 26026395 44757008 78074957 39264749 38550632 13798128 82494770 93380732 30533538 59898186 58768864 12833697 2572535 53788350 93588121 91709697 81243732 41401109 94343878 54677001 797737 56953817 523687 20424275 9627832 54366152 54982263 32512543 34533557 63496462 17573618 82729482 63634852 50045295 51774830 57210281 2248838 20962613 78701510 81390186 15123458 70808577 72309491 26279513 93129115 8755955 64596861 65602796 72841586 40785594 40264925 41019472 93406438 7114594 26566254 944285 96657254 91010165 25962524 27411370
63666978 21880371 96734320 54976789 33743738 92896313 59829684 15830029 70339535 1388523 99007656 16085804 22422203 98873653 25727623 59653214 79568094 6805838 254816 88130179 34364953 14010339 36096814 97846790 46671523 22245428 66155471 28481987 50862373 47451684 15873172 91603850 59393566 15986215 11171900 22034418 93856740 17502563 47128114 90115907 18146241 89125311 57095916 8755815 57445991 9181776 51385636 5554302 61449761 72991354 39624345 7367971 10560595 8076420 11569490 2339927 69772135 61646974 27416219 2726836 66516641 59324456 60533649 30779430 5971529 90808491 43084754 89483722 40148270 25553571
88129111 60145965 75544550 99510969 577297 89605154 38222585 42604468 43760232 91282682 14883560 35846765 98396312 86329507 53840148 96866696 36383677 53807018 40746142 93105685 33114569 42138506 60524207 73055155 58903124 17993971 19139861 87644865 22637650 93321773 26701757 46255415 88912831 76416418 36825419 14816542 53666882 38712494 96279586 17065934 42743240 75420676 83641360 44281781 92815846 65172362 6018401 13665346 84761666 1515374 78853411 41038333 25833568 77403919 35408191 9632910 18881266 52751771 99731628 23490715 14387532 24668409 9747921 31350267 14231385 50173679 95558447 94890665 84859621 41987264
2132704 53812608 41942375 69415068 95270742 9476082 88608141 48405383 5051573 8677412 24998079 97523515 41939083 59636552 98149011 69894278 67298966 53378835 28109043 45087603 12287250 95433660 28709282 79473247 16903051 75135909 39559615 68746394 4455147 12804103 99606102 72126696 15774045 28682665 21982035 84159125 2208281 71773852 74904225 17095727 16775603 31548309 34010669 74513216 48796876 31011367 47805226 55122095 18922441 65715555 49769479 24648739 88667772 10048085 58221522 33222731 41407300 59485277 28145875 35877467 60232242 15494269 57988341 94572849 62160394 48375571 8804078 1574637 47892824 92578318
63166747 66075876 91644421 38883374 36891094 48621524 26532339 88337712 57890858 11198232 77588340 23936752 43388451 74776988 56668165 37789684 39212373 40647149 61362955 23865991 33062817 37056097 13474938 9409759 17395554 98469634 31701486 51721599 56968597 71193939 57878771 71246266 11115754 66150686 46468239 26767387 71455691 47272792 82926147 63998977 2014646 52288916 18178489 84976681 10635473 91590728 93630585 92389977 38065254 60427679 83972717 60359874 24258168 29849802 3500206 71154886 199950 52619860 5748301 35951373 57954714 31741950 55949364 86982586 71654480 51304410 71151824 88284106 77796273 62010716
3797392 62731537 74481208 47072784 91135091 74179710 66124465 68066926 5057668 35250852 62684655 4903406 14777992 33682503 40605512 59236458 18220068 83134216 86432500 86442251 7081336 7965385 73461348 57718202 5229956 65734796 66795115 30907727 60432786 96035799 12830892 26330356 75366842 59769274 45466816 62197914 35449007 99069847 33214543 3123182 28225812 4839093 98921918 14778360 51897163 26202720 66955072 97936326 79004867 94197084 31458727 95928487 75398890 60603543 93708005 30978870 74301302 72087579 86584597 26924774 70619856 9662773 89854636 18510183 31620242 23988115 41195189 30738844 16648040 88120275
64810797 35699753 60798450 71080905 72001022 58828552 5263876 7962180 36184495 11744084 50546561 5282141 8654483 74600230 67805343 73914688 20735555 37318801 28312837 26157302 13030391 36120186 1331164 8362912 43090401 89444091 26671577 66050566 49113260 45653614 89785220 54522881 89165071 3841590 14439334 14756462 32944358 58608990 40865323 31694870 56249619 49860859 75721997 80061879 77081733 69466154 84299439 41426134 76707015 88053556 45095952 45486565 69026267 17266118 2232526 48411191 17239677 15473446 32126378 11550235 48066967 78240795 87427075 84957784 80676751 28780364 93425821 31894419 69998523 38160732
49980514 52846650 62235278 60226257 35456192 80587159 74164331 61978986 18262566 21413194 37208330 66601424 56277288 11938719 92278083 3349278 4775725 45679228 82033320 76219102 59444976 99156372 63477031 21596523 32641923 53362874 55693539 24016498 98262152 63166451 45060080 98717895 43418568 74594773 93406057 29850394 33585621 27931749 33363811 73992524 31947039 13168713 89549152 65469 13392006 63592400 34229564 38777954 78936788 83154805 71782354 57413446 7305800 3758393 47514739 59071520 76988147 59703338 93312237 29401200 54292727 48281791 55101365 18414704 70756993 17867431 95257098 50145926 6721492 87836846
26855154 98718675 56964379 58272601 16063631 55815549 78997069 11636063 83988090 41589062 14954270 43461399 49928723 78732418 33968656 84610414 84277717 57728135 63502475 93741191 81179523 70218491 65315397 5381753 18596245 76992513 64579961 16363270 46564858 7260093 59113025 81355619 33202588 56684491 19773596 66861364 2411176 63070362 42784531 82262515 17250471 90655153 30067533 66377714 98596100 46627548 54638005 58475785 19965728 86797377 14688270 23804810 86292749 41267246 92194735 35434261 86945915 5506841 9716596 36570934 11437912 97406726 22510737 20497733 30035346 76689189 92169470 68897632 70877262 59479463
62694810 83563433 70228727 37891470 255031 31357215 33140650 32157988 63826245 97771618 18056439 61135934 45503802 10558461 50800694 15943209 56475327 51628390 80904671 61034394 37479253 22788593 16367715 67198300 41029732 68873879 11723475 1761192 66770833 90439691 38674188 62705299 31029974 97423918 38575877 45462951 16972589 65047656 41701821 73822541 82716993 53713319 39481203 9683217 1350530 45771836 12804379 80321042 68995042 33768888 52005698 26380115 44901797 67143467 52279398 78977953 81012962 27340309 32053587 20115154 57508843 54911019 1241875 67005245 65567019 96417007 1311713 47991289 68891684 73810612
49753116 5391693 31528369 4459118 47800850 68918385 21061389 16089581 52157821 92236339 83498326 7670715 68986843 34784199 38977886 4611368 1582537 1151526 65894531 44643366 71904666 21108996 25115279 9369814 40548634 64813631 25671155 85698207 69748585 39761940 48637728 1241010 9652887 8739641 26876269 28254603 39381459 1317376 24889066 91800826 61268824 65367675 75249470 49553566 29216396 19629126 5899255 33036224 90221950 23519586 36062952 53064017 31923834 76200933 27610813 75778519 58391963 93323774 53409084 69900037 61417178 86931171 84528346 10686663 15195104 91676331 4137656 1577253 98570140 38809942
27494287 40608716 40899765 78318617 44645904 15436412 95118889 89146700 5293990 58149615 64728461 97609460 33724452 29062377 50202139 44906510 95793290 27273369 34699310 6070013 39662277 45026551 98992300 64733079 97311659 92767801 41160145 90779482 64813834 22280955 77870822 51236675 75934090 66399948 20968369 8699779 45831469 95532020 55600853 26125074 89464820 63590297 94269691 2007271 12766241 78922251 44950333 5755626 33726014 89433906 10828869 69509733 15240265 15347865 34218656 19686628 81904567 97896591 7865571 99226625 48893734 57740560 3120027 39806046 12650117 73014296 6348487 92210829 40309701 93641495
12476610 12615780 47627387 5923744 97700839 32689962 73619787 49395660 82174653 12249576 44226026 66552514 97870355 84605400 66993915 35294701 96836640 56802683 14131030 93796690 70716909 19627126 32217196 17996391 3662656 55551423 63456880 53014147 47670891 6722539 75557115 31548803 91894062 79640770 75148534 34661667 95615457 18357334 23124117 63347367 68352608 73818070 79352390 92903962 9945782 33406596 78928704 76352907 68508097 51791035 82460344 48022755 34758439 41854226 48838240 53898790 67527766 42788121 50530056 1454024 37124042 81358807 88636483 78415307 80760461 81899436 67784584 37281557 87396243 60764068
59389074 80399419 68108752 61776273 15894468 9014921 22510251 50632043 98318020 18957991 81742126 88267433 44745428 35479988 94223966 45877060 38388360 80252638 21604357 7570414 30394767 54650129 29254873 30578689 34810115 5174297 88168189 97475643 40919623 9246208 53265809 51770 81658618 82575670 46890471 40281834 55860205 62933499 55652730 20251641 26816417 69389659 43820851 19960622 9961107 70943661 97087606 29592703 18439803 23961895 36817145 11148581 56913851 53949866 86769580 13258433 41153142 63925521 31820548 52544771 73803779 49023253 81337472 5080988 25174100 84946317 38643762 22291918 51964408 36498779
82396830 97068494 36572922 1666335 85725195 57919368 44942383 66578646 34614572 61658190 81868840 97174127 58302352 88425928 69276157 34501372 51334387 16773510 85166796 92329716 49457541 71080731 78791508 78104688 19666027 88763251 21037540 71272426 38489015 50520231 58117031 96610341 62001594 53300943 11344297 24439699 36060678 82719490 6122729 14458954 55911941 59322552 19219064 95425035 60583482 91415827 4984814 39023056 39376343 66080641 98391693 43003140 35281645 49563005 95579866 86026417 53298540 48393102 81074913 54650467 20396794 3394063 4911454 71497800 98262271 50164599 12608331 72889221 19983184 81670892
96272362 94087256 7479454 91258849 66064648 20782993 27747105 57698734 37845517 56573121 62884100 57799833 95021117 37912105 1383599 56683678 10446797 387770 6325115 30980122 7699425 63156848 79863616 26011305 112760 51990328 22811100 34454376 70677116 25616687 83124749 11024594 46236522 4914425 97760281 5396195 75373655 29993571 58618633 3879241 40954816 86319099 75208680 19296409 25514288 47767501 64168178 58054466 489416 81871035 68929684 23580968 28774801 50492441 1587739 86097493 54146026 17786204 3418093 60126513 810331 46540726 40519341 83179765 21673767 23859056 86691809 81751793 14871296 7624074
96938108 44043084 74688380 26307384 41864277 92763037 55209661 96419336 55779987 65913749 2862286 44261002 49440790 68631401 57478568 31627113 52144934 54962835 30584594 88722322 77291814 34880614 44328519 51791356 50528642 78890752 54794238 87827005 256432 10262971 89403222 64208070 86535983 33214196 99689298 87232762 36329024 44301767 67938196 90251264 60529233 13833597 9015700 99464478 51382362 4278317 77165318 43444263 97664274 13459235 21638362 1043740 9380164 91741677 34726380 1604501 13767826 84474114 1097949 1230921 70032310 93619203 88298800 59389918 51508894 35811719 14856342 31207943 60845780 98006052
94636643 72575114 76317503 56426809 83933964 27529831 75524498 29711780 51230018 30385349 46503912 82937338 48642054 8673198 75671157 85642127 88786034 17216527 97031344 54015647 21113066 68509769 97744174 75094150 57734403 50069305 1395450 19107051 20332263 35533085 92222909 95042792 66960818 3025425 1063555 94053945 10373675 71666514 46934252 95497052 57971262 55094416 16926859 81203550 87543513 9480664 71493701 15003841 22690319 22758777 82218703 96577421 87134191 51648371 44814091 91377682 98096678 63545775 61352018 71680864 5492063 81465341 52635065 77734354 95898898 61953974 44129092 22530346 58102008 58264596
67026401 18906626 50454571 34062637 29776774 3477073 19391971 96552851 44818385 68320189 93136059 12152097 40260248 88404816 14960637 52696934 46912257 50407922 86345844 95663255 27328490 46880148 61931280 67988373 5423965 98640611 75384682 79824309 62744546 7833177 78134987 41914300 90614249 24252253 41375677 98272833 26153735 28346935 5826343 34462759 54558256 95738052 63447361 41001369 30042944 10133539 20634718 21290575 53507768 34203259 23378953 33954600 46244079 31275232 21454269 50581896 75899182 54640969 10910892 91606278 23434860 85808449 21975779 75425527 27960386 8216979 12923785 78844015 10090030 48729024
89563493 60539194 53869607 5639866 94688876 43490042 22336156 8996665 2180022 87168860 92419403 26694400 6393190 5786104 21163089 38116820 19062481 4991198 97138916 46016402 73142442 16170567 88445267 86878063 85852969 4847389 71827479 30187170 51644872 17675906 16225931 27823121 19886532 11136318 98452740 86225647 61779100 74274668 48717431 86031670 46339694 17695335 59366415 66556387 26249141 51502053 41470705 25793022 80942746 15996687 80790780 60531472 76529721 60683221 27167073 85746826 79958838 89487747 49529054 27584550 8304959 3093477 2485475 80069923 3133083 72903157 79852774 52095029 94603638 75379424
75498280 8287457 60314728 377050 32519301 25040627 89834088 22569239 38048766 41286383 37455558 91183403 12872583 82516384 82921876 50000185 52563437 76109493 22687649 46932725 99980277 56198229 82753398 30491480 67752252 77108083 78183573 59053156 83760401 15829277 44128502 68090649 2649955 46031388 28502225 50384099 12050588 8806937 67425272 4721502 63451555 88630919 61123351 99710564 74573103 26948988 30180100 81061828 82595152 70357792 59873928 23066268 75748732 55516732 33786149 87978972 94545182 78731231 16949515 10633688 73312686 84573342 73513378 69851375 87729236 34956318 94233703 43069147 84685615 87755561
65053189 66104253 97081573 22369140 29618779 36081093 88052880 98536834 85790895 2287477 26646431 24287460 9030741 87089645 70105205 39060030 14009064 67023855 16694294 88845021 49861778 22795602 97393837 81617878 74224914 36155863 94804212 63387621 66513353 71486961 13253310 47859212 21864867 30419015 75365326 66009093 13753003 8911145 87244988 75799188 25479376 17969953 96950681 86805273 28587983 51541003 69074467 9711581 29701164 98097402 12016510 36424147 16358880 96062748 23935989 92981275 7150003 27444120 68380054 84490231 51756338 28913941 51236976 68995090 32487145 75067944 46929097 55481382 90463967 54699645
13655819 20149072 36822534 17670089 45016288 74636074 12130650 17314879 28486046 50346 25677926 11318788 19991429 81469381 40375267 12601509 98219988 38991691 68709061 996443 32324810 53475665 10527059 16367653 82325070 27776931 94389958 54298369 52774742 7596203 80804683 76597813 37165869 9975293 47862524 30611276 23052399 72029810 7637126 43681750 76025023 37682835 95154562 22099625 84437102 45964607 30829585 37490325 26176169 70869090 81969302 27827951 13795170 89809051 39277454 75126360 84961988 25387024 80249609 47347318 31455456 13500382 12931512 8178700 1830510 99724472 80719951 5073991 70394699 55468557
61717465 43307548 38282801 35575125 14609297 41788490 21185816 69833842 7112978 44989237 82685141 92307258 12758038 34583104 92162261 64416170 77085266 44248552 21898836 40408246 35312068 31586047 49251566 57134394 10092440 2206720 96680779 3983073 30207142 12790319 24931200 43373553 88851670 2273204 92807891 7384903 3646655 13315456 10759881 91898281 49577351 69809415 44878565 6055851 10775940 70430248 72937424 11890481 37392327 43092477 54744225 6656096 99756237 80664580 55346303 58689405 3615367 44407173 51524155 6559449 67441437 78338491 59528017 70812235 65627976 25094166 45156694 7793489 9860738 71836626
16047400 55833317 75023664 83382676 50439933 85502413 75710326 98956139 86697991 67700152 64742837 78835676 83515038 16010725 56057235 87656230 62001589 43064296 70896383 92235785 57745341 94565850 68458460 33537420 43455145 89205263 49981121 4739948 30944279 97837868 18698506 30378662 24978059 41125579 37190209 95131036 80905356 71254421 48348451 15060472 13013070 30395093 16521656 78994507 11187230 46248965 1349686 13202144 49733822 33322700 98388053 38648238 14107052 17500475 67825408 96841223 28812251 91033555 25430649 17653642 42895166 35242730 88323062 90483319 18198904 19029959 52240889 78736224 69964338 92721298
26690778 86850420 29369328 48813988 69692571 48943687 33246585 13876364 44790991 58655816 97489643 69150024 69587692 869699 97550781 71329489 37254331 77733758 61954446 59545314 70319169 43771464 82894114 89752488 9476930 77851969 61750124 33526645 49253508 23409226 36760567 14696462 7064259 22535157 85096766 34291321 52536590 54435811 52239520 51959211 29924614 64227632 37821734 50310498 78025654 34164345 58997595 7569065 89215407 6123151 19918070 43463067 52050648 11542274 39036885 83463317 90345338 2990142 24740835 7278156 45708038 10159802 44192685 8939344 50235623 62320399 294509 97864415 1390210 29120891
17323853 12956577 82043369 32129396 37064584 5104184 65253606 70604911 44148913 67367409 5550233 86736334 71846475 56690689 46328693 67947119 87681044 56155190 66419495 46852053 22024854 72586362 47974912 13066035 82215076 50757433 72524654 95302926 89756581 12480457 42383713 7065884 88819582 96552340 80552686 74718866 510288 83824025 83832816 82842206 39287276 40586789 91085101 78513569 65415799 3020436 81394827 73518755 20496733 55623894 35359881 71485131 81876487 27349531 76803302 25543845 76138642 40588289 61917469 1365114 11897686 203532 98179432 80274229 27759685 2487212 56333908 87644274 2584308 77212864
85322429 72874647 42077149 49885573 52244279 99002985 38260761 25839983 7266769 22361180 96517445 53013080 16859520 55674549 38666305 16019345 17809400 11616535 19931595 50581593 19179805 18069472 42678993 44421655 19710049 81205374 10440873 8390782 14107563 47988873 42021272 59920485 33267752 85817799 57365682 59800256 663291 53755105 54400424 82839441 89976724 87169169 19190818 83146278 37507265 55587767 50536932 35557945 96964695 82184311 34520227 96181166 23970299 32553175 74533912 27053799 42916860 90294299 67974399 72613532 79796650 37415453 22040741 58960638 41188533 48673896 17983502 10827497 81802202 90717376
65663994 45718403 30809655 89247800 38429405 9858939 40651077 90419048 42078817 66394949 81084260 96293816 51089694 32707002 25953764 98422580 40293882 90756930 70488063 68471061 50836818 62058888 72889911 90310888 55523001 47168075 35567240 34101376 30545492 78506136 28558895 79628710 98116586 24892968 10541569 93531992 77661464 16330460 21261308 53033995 72006028 28384495 3315036 87407666 19384800 76937304 60914477 77647775 62114149 26133038 78597047 14680325 18420783 5015230 3805130 66930648 95184841 61655572 43837348 49184415 46251573 57499241 39882360 16414001 63485020 19202769 58677799 28606032 85881735 20416217
85793987 45614089 25832020 61762263 13624101 14673979 41010777 53690513 91869456 7457102 25399547 83936164 48640660 48400878 53585817 68987938 96252398 51543350 88755330 47270972 7371621 49202452 56687483 70676135 84385967 52578671 95583589 90618014 47691281 31723099 14702220 14979599 37054088 40301210 33545419 33102513 54286967 39195902 27734069 67407337 75181741 92231691 77730272 12279433 23977497 17165183 2209097 63531415 34597398 75575276 59151604 25054211 19470378 76399730 14625565 3194423 28960747 49603186 11739848 63946509 12260842 18824813 20402968 33224037 84058826 64842176 12285815 66275112 60375846 25301151
84783105 98732785 51673680 20399983 52787682 18842090 91666180 29078894 37736239 68081128 36224693 65754906 9654642 85694343 88349797 23754812 79825531 61582021 92388683 58337601 99220390 51540691 93509472 79560749 90982854 39025037 76900930 13233265 34019527 98402570 85247939 66811529 19149088 26098195 62740205 6332274 19280060 58076526 89203643 10340394 50732071 84785627 48900997 17257454 54085055 7986590 25130182 23750132 89835270 57819200 23955979 23396085 26656635 3004663 8242613 97307978 98210359 42262204 66611922 81364760 18215395 60817061 51033725 38312469 72886775 72303269 91462117 57235238 54868400 43415311
36263409 87760324 63431423 16338585 73138465 91849400 71978854 2289345 56824245 62141507 55791602 18420601 7066348 12551447 80470605 79901220 43186438 94190597 74674353 39151283 90025408 27665466 49520560 85017471 24125223 71422567 81415257 76098104 28719363 65046458 45092198 84478225 91433868 96281114 69289901 68810827 9557973 41033011 88763251 78981231 64325389 16727683 83221082 18517279 87854295 71129683 26300705 55458885 74226131 1099256 15834879 77576189 79640353 58747251 20436235 33626409 15664292 56063096 56818736 88765220 64304321 23328966 7295218 49279287 33956565 11496520 97534678 79482358 31252390 54190889
80932420 41918114 45395994 21119855 17840764 40938733 28798394 1404484 95427511 39278936 10644169 52710692 7073928 47421028 98484359 40049574 98993506 56347257 7030897 66727559 96147317 95701595 3035083 69165760 39551286 51433795 70464482 7171147 2715262 69674401 81149875 31730482 6223290 6890141 2655691 53511210 16358990 60294924 87334568 66991793 96199541 27042439 64358603 7507263 75746224 95902139 99976950 31484013 21429093 70921188 331410 13751204 14717780 63000691 5868727 50054347 94590062 62365343 66720313 37759983 79254287 22581419 94377143 83228632 58791322 45078776 56569647 50446444 42276173 52058328
19469376 22244318 50459041 75217280 44161341 92796474 68230007 67900124 12792857 48078805 9861142 69084208 93886862 19580567 4414361 9034492 56014611 15801271 78722826 48512864 4354744 45927934 998293 86103155 45622756 50576098 49386294 51513816 83436843 45591309 86685576 26645940 8393292 66646065 54967776 765197 74956426 74730512 51977810 71291875 50725294 45623368 14965008 47524173 82721257 20042989 16989543 1035530 50047643 35416639 75768264 33537659 62604750 95069354 85768502 676663 21500399 56122092 10528076 38530441 78378362 33502127 14074089 88501338 18093982 24206883 67832790 5848808 41998321 53325775
42567242 67282610 47549241 31312834 83649026 63837837 84049826 90616165 72364826 76678919 14021571 39008664 95978233 85530424 25051853 26827568 84911607 52108328 17912167 75818805 26682421 54226233 43325665 58395339 33123016 20176684 71969593 47856972 19932209 27538647 60130186 82482406 55751773 85737894 16884725 99392586 51730303 17487871 87767327 97697662 91931512 90664387 44582254 84678183 49963564 29218284 11360420 43614414 97850546 49405910 62411839 37365942 89436736 25918210 8874 27917026 92508857 91414774 56442024 48841441 51341006 12520189 68022166 15003823 84511506 65515687 37060097 91802785 61610495 55759896
31936314 74874451 56851492 86298305 75080961 50413196 47619826 83171823 34015939 16129774 11635287 27610572 61568165 43355250 77675869 28599858 27945045 51912437 1704087 93231059 49570219 51114821 72756792 16800887 47409661 72616245 1103968 19798363 60975325 83822899 4951587 4719524 3275427 24192449 91358016 92075715 66687628 50983395 22053117 22012120 80063299 15881092 65493608 75628904 73328143 19415053 62757885 78398166 27426468 6195531 76777933 96995685 74663439 70735594 51925596 30417199 67331620 40988232 84114888 26424743 50965262 94716240 90351675 25169374 62647665 42426036 71056487 43262369 24504161 79834699
78505837 63617774 17845078 72702925 40381884 89064966 4380305 87354781 38689857 51030647 7508933 21318497 11197160 38515520 78894550 20260743 25067639 27141624 53368816 89750214 70508975 43222128 38662932 23374492 36020748 93606114 95548678 72347597 56225231 28476756 38677703 75983779 68282479 81331939 28739809 57276457 73535858 48052313 32517994 63309507 77303639 25262380 99000009 96341295 71626856 27116179 36913296 38140266 33303128 39189729 81882121 17514016 32680701 48338328 9862822 8962239 87456470 8177492 87595038 78997050 50116284 61272132 50513925 15912590 87675401 41169352 63900282 88649041 98021426 20086019
54002648 80884461 8431647 51363036 92447341 37601184 18731198 79724069 79459588 43111708 84078023 56927181 99250804 21892397 80505091 5573700 14384143 16561503 60119961 19639360 25012522 50951374 82256175 76718557 43590296 30462911 1890616 64023372 25991808 66753720 7285424 87854725 55927078 39299586 25082648 44563910 1126914 22482248 52974262 79948405 46976784 13594709 37589826 53576779 66110795 94518576 88388482 54713172 934124 47816272 7111573 87312712 20124397 26594140 16746701 52984916 59869380 46730862 93973564 12872993 75930510 29928772 44706406 2072657 13578753 76534050 13617531 3514953 49031347 88184935
85420766 62163258 68224968 92085512 18213367 34925486 26592973 41065769 47319333 26858275 76971293 76577029 11846680 60040712 61839703 45385056 85565717 57920963 40812101 54961451 38734903 4989902 64621595 37437231 18145418 59311659 12803080 67470781 8925096 53741799 83858169 45495580 33536889 20589567 63894229 14551511 50926575 14031461 2561451 26266710 41918982 84759175 93568759 9545285 5731454 82145728 91141526 24129473 46867905 20639342 93491039 443089 1676279 49145490 89697649 76986424 39496790 4833230 97366684 47041010 74597833 16102806 14998095 17555948 41991019 43377188 75217945 64825778 22736264 10931083
12851854 43933195 52492443 88146711 55277482 71918118 10838648 24386361 1575290 58247944 68285570 28097622 81703693 402136 62916120 7817887 77256906 97247493 89238911 60420551 41320692 58368789 8107701 246077 76523321 3632749 28454564 71686911 17586071 54001588 69103914 77345997 17509596 11975604 82079177 84064416 54989571 18032684 7583372 39914476 64737025 48045731 35229404 46680327 42085781 85897425 66115408 84399001 88601534 65374937 5985012 77210517 46364008 25915521 70981911 23066497 15175794 67887190 54402710 83772506 59158407 24826962 85371456 46390128 87028169 92422437 8503879 22200552 33801554 67010773
27398885 45232233 80761661 49982353 84189290 68780971 25224515 68714792 92403464 35401539 51975917 49526141 1033950 13525767 64206601 53624506 43978712 52162762 3355491 53144484 20915216 4062739 24477888 81099185 63187043 7276725 96587422 36439842 61427261 95220144 65877661 63403325 70412365 26149122 53811303 52941113 61035057 84384085 61771874 33261606 59303724 7666044 19304936 26380898 97920983 37706716 43932787 48065457 7263159 74294409 77108713 19663400 89477188 37243412 23083863 42059350 51930845 5025385 45291835 54351146 24396824 4097007 68313108 62834960 48120697 68738990 92563511 79498622 4317281 77647253
53557897 53461311 44659531 567930 47932247 13660955 96968556 55943591 4364502 66579041 45582912 88838853 99116355 8905780 27779867 27339395 3125380 21786879 45140819 65169088 408811 10656393 61897652 48445781 35997377 42648518 51066254 15297072 35699588 12194338 53568060 48483135 89703955 34647946 35559903 53224504 7358568 27649533 64837079 65108452 31424591 90421401 78444001 26248411 46682191 32306081 80521398 41796652 29974458 33594060 91938497 43461231 66606952 44051868 71403181 41853963 1477494 37549589 41512675 45297029 2392851 44800098 82601794 59141509 87736038 80460680 2265327 56702001 10979950 65710864
49075712 30587234 500089 22908699 15286617 91507339 24721155 85040899 65207630 80564277 89839375 19420574 33454759 582646 80194338 12449628 60425986 52213929 19821318 251034 71120650 81347971 67796921 58589642 57815966 5791291 59698037 84738341 97133531 91222618 72826076 13809714 17673146 89111770 23805493 12561640 35660892 32588862 3747628 84798503 92952881 10176521 18377951 4228037 64255630 1848651 28356813 62997038 48568567 67054977 78480816 87117530 23623691 20151487 63534001 23608150 21491925 15102578 3265019 48413953 78545271 88371545 89298522 79030930 23608381 76591830 22746057 1250000 94402677 33912198
82863704 35548367 14280722 22834829 54310827 75394510 18768038 41916067 93396262 27096302 94574122 83875354 32155342 68810093 82503935 88458692 3183158 24941777 95667 65828665 17856514 21409264 59830105 18303990 45909054 47098954 94401507 80947142 25281064 97337166 51809325 34799604 77747489 16310705 89924769 20489865 18034740 87109054 82705620 94490249 21968896 40423989 48377331 25474285 62654927 65930610 23667902 24027233 32768601 13987169 37578614 35388097 45749794 69529273 83192185 1952220 49017899 64897366 46664489 19939437 88287109 73824664 28815474 72933391 33641370 94925989 86629450 23923548 15235817 89766248
29494485 87032131 19323534 87950569 28155138 80284005 63763551 9666374 33122288 81578351 6247967 84721014 53678399 71446674 38193156 66356770 18636027 48232584 82572031 47988409 25651949 44004465 44921379 91496681 87168825 52812966 63340304 66824495 97950795 6831077 65502845 84360723 81699007 465235 68539875 73959941 22377532 67701794 51102432 27434610 49649743 63753879 86000601 74969556 27219646 88499502 46519198 10146859 87892301 16252549 89843453 13132522 69811939 64084038 76984941 47064613 34605926 39211863 10180092 18795824 90057218 54902973 55940555 1881688 97447591 93882728 74766795 17068971 16858331 28422000
96993305 53527011 32484659 77073300 68315835 92678141 4414748 89453023 38258110 65721495 13343607 2517726 80167475 35807874 336735 4458054 12286015 46311582 55027949 75634766 36025667 17758442 72530289 49907097 19782909 7707477 81858482 54254429 34460610 70247011 46805959 39768083 90321693 64754263 53988940 12890763 33881271 67180735 32164655 12207032 38250944 31364011 91950258 53138911 60680999 32729894 35713603 80576538 47003257 2236978 63676480 27774552 34259371 24529206 94165526 78770695 40006376 31000057 23465508 71133860 29623374 65835444 73874225 56024634 21400209 41090589 17327792 53352124 23271060 25469464
16359646 1236726 94762900 30713656 94176063 1039104 93060794 69370794 31275594 1891655 93049047 58200980 87309288 51969307 67769237 32592892 63773171 67662417 77943211 19099581 55643897 36365266 47041149 85567205 88213111 73769408 91831817 51318263 99145497 2351969 37434188 93464143 5180121 4174720 70596613 29660112 87914109 28160549 75261790 92479117 43752320 99689766 50432762 36069097 69376118 88659374 31937273 31871735 95978971 41074358 26894742 16918907 43036040 68790645 22522291 55586318 35519554 22205367 49373127 63672154 17241205 41490651 63182752 22281806 97397368 93393090 59205425 78238044 87412528 52671765
48255339 87599251 20820729 79923435 4624061 9356689 194465 80844375 42627736 97494956 82024960 5904078 90744649 71338135 92977269 63956790 10135731 66467425 69088220 78492698 47797668 81484252 23244703 11031312 23680248 39506239 75674362 12585397 25806671 77521618 27200306 41174567 27767516 61590971 15655902 1043474 48916164 1373508 72125359 17540240 49175427 3568282 85570243 60536649 87572244 60599130 91921652 68822308 76449253 18235316 26862287 8080847 31759172 3828200 20292202 15856933 53929844 25457508 64866533 48348721 73494964 71519035 61013035 45911116 61017393 50148970 26481813 76830978 31789135 8368224
59749140 2236247 72373955 61943504 63491772 28926669 78265751 48700063 66867763 81464658 19767785 90384462 33484231 30040555 46654858 11163830 5702127 56427345 1262665 14461498 15322554 26765696 34355462 64067070 85718715 66970933 8455314 50322380 61122131 4229344 29273166 47672959 25041247 46352042 67464029 85987979 11685130 19680304 20135597 64789937 71784467 75787184 14371663 36898549 27346602 7395885 73488709 75981685 38650878 84736271 50826076 21119431 11185113 34986530 85577169 60725588 90243526 39497932 50501186 78034319 26550988 16176305 42311856 30847812 47547999 87694682 12121742 79354183 35865314 10137323
45527675 7563121 99036705 51226136 79754928 6270001 12642810 62456256 88734755 98447557 32848625 85268357 76071958 91577410 3691708 67811049 90566200 35672090 29497611 45897467 19282753 50601407 43443764 59435972 19125485 61825398 79562368 33915658 19446839 49749231 47367514 55453115 65436643 74653879 15811267 7457719 74863602 86519524 36417900 17148470 49200355 67047016 74215096 80956198 14245002 79795948 69475416 99270721 65059073 23596234 23300856 53043343 55373883 94253312 85727870 97430852 2574309 60055378 26299767 30967930 75951015 47704408 83947893 22680731 98119199 17030899 25542582 44105105 17333970 75215625
90619343 58348750 1889476 44229941 63555339 64137374 66870971 48819489 93865685 79210686 68235981 36594377 80308674 74484861 89532842 76652263 45133524 38073887 2521829 8648982 51073834 56562955 4546181 30344707 55584376 49852914 22707356 18391831 54338494 85445475 27730851 74494144 39147808 28214764 18865978 77055054 84235518 52511480 25244996 97045952 79189104 54871794 18834084 6064094 46937785 57653842 49440589 64412600 20744543 86600480 93198082 27523555 5472202 38627724 52532754 50158354 15277414 30064126 57821733 99557811 62406039 30117051 98785904 11077797 69907944 39517662 57116892 32834448 94858686 70097157
20919854 9496258 78070194 17472631 36260777 49598713 81291992 96071664 91439037 5620293 33549108 23400533 35562913 71547073 84532295 98761784 4587941 68766345 54850787 20552585 65184830 47867998 80477240 25826123 89635879 81295696 71859166 15974103 43415700 59778117 46940576 53189123 1194242 34083858 51732182 73791556 6706987 62881856 52087979 66556287 57269351 37352480 65990561 6850473 24669266 53682684 6917094 20694284 20754006 95691970 25752368 76782291 78234313 71574104 71234876 69054080 45060918 21102887 37066436 57578288 84185623 72638498 27585371 81315205 29601072 82884266 53297786 42748720 74260438 36581958
62581066 91429285 55810221 18196993 26518178 1145287 62026454 93133236 20090933 43740986 99426572 52130350 84854917 11525063 55736291 79234920 15738267 29764444 39722836 1099870 87751043 30933996 362894 63354982 27161494 33193368 11395741 58404591 36089998 76988107 57018946 98246803 99491017 25722889 69816152 85771891 39137951 29130543 52963452 88485807 30495267 81261316 65342881 59717970 65256852 78942562 60398602 84110855 24849054 1109902 47403389 46552146 28341376 84586601 87260044 36698468 31977384 67688751 44044416 4853072 86932859 9459570 88203689 79198052 6927801 69386999 87655729 39244996 57963371 50134441
28992168 15856240 58724461 64115384 82570093 54302200 72083035 83668331 62484090 33558464 75656986 74139333 35242570 82409737 22523720 89355126 99429184 70915875 41957277 29770693 92712309 84408601 84452248 25000849 82272498 6425785 85317385 4496228 60049915 46853414 6766211 62799825 95170735 52033673 19701573 9121015 92493551 24710836 3285554 14889817 68423889 63424973 72905693 37504841 82976881 3326726 95293030 3664249 60525283 3374690 13316992 81469767 90751974 78490258 82376658 56919612 26033131 19483016 15327511 57456935 81810326 78423079 43527298 32916219 2466778 22625064 27854128 12510789 76805082 76521629
95444501 5430417 74430703 77442823 35418470 2168792 27177616 68680772 60003708 63876352 98169449 41207482 26239710 57834811 65191572 14026849 17837974 8575480 94756561 12380241 6793473 86214245 98577507 62888275 49987307 46251871 45120711 75199734 27289906 68389059 45491259 20831818 94568756 15831489 45112090 51624192 7524064 51110834 30489148 22592664 70420390 99623547 3812215 96956448 77551753 47889960 87223160 14726423 44672268 99962066 93290245 479953 72643915 92459090 38559221 70811166 46197533 86385764 83009004 77433890 46972715 12188996 49821690 88027652 51896769 43434401 17083740 63655528 95482449 14034939
75867200 38945834 97768730 74139705 17596814 49217938 98398367 591674 47690974 77345818 91720565 39288999 22171423 12391186 27826587 58835237 69268728 21901337 30070678 37539664 89007477 40255153 80898186 89129613 20337302 66553932 44697340 56462554 27582753 47292081 28910607 67076427 85817134 91405897 32786171 49592490 38222469 28286985 96919502 55785774 57579701 72960180 46129629 19563957 68740387 6864039 13234148 11146318 79263063 17535319 41931625 12410143 21354570 65987100 93269538 47672794 29838623 66683539 22070395 53103413 68080928 71752436 47208314 57509001 66632234 48440178 12772734 77415388 57807663 26801837
25925599 164467 73502772 73232507 61652750 40174703 23253763 14684216 44629932 5562867 84881321 98276113 54068233 5000610 21014634 21493789 48673372 57980331 81374053 9286964 75747781 45590544 62898042 46113038 10983915 53451776 77631975 93337248 73641803 13639744 21753428 35388496 75573361 48223386 48190636 1683163 91950519 53471106 19997792 5567541 86573745 40829339 61982939 26392740 85282097 68453348 34041205 36324290 67255443 55370949 21228158 39601839 35894029 69285632 72815127 48702731 38480109 18576316 25400320 69226453 26970891 59226784 13606627 3305232 91041544 48218613 5979042 9959431 48891612 36347186